insertie-directa insertie-binara selectie bubble-sort Grafic-atribuiri-defavorabil
10
63 63 27 135
20
228 228 57 570
30
493 493 87 1305
40
858 858 117 2340
50
1323 1323 147 3675
60
1888 1888 177 5310
70
2553 2553 207 7245
80
3318 3318 237 9480
90
4183 4183 267 12015
100
5148 5148 297 14850
110
6213 6213 327 17985
120
7378 7378 357 21420
130
8643 8643 387 25155
140
10008 10008 417 29190
150
11473 11473 447 29190
160
13038 13038 477 29190
170
14703 14703 507 29190
180
16468 16468 537 29190
190
18333 18333 567 29190
200
20298 20298 597 29190