insertie-directa insertie-binara selectie quicksort interclasare bubble-sort heapsort Grafic-atribuiri-mediu
10
40 40 27 35 68 66 83
20
124 124 57 85 176 259 222
30
277 277 87 136 296 657 370
40
467 468 117 188 432 1168 551
50
705 706 147 252 572 1821 725
60
999 1001 177 324 712 2645 919
70
1342 1345 207 384 864 3612 1117
80
1776 1781 237 448 1024 4856 1311
90
2122 2127 267 515 1184 5832 1543
100
2646 2652 297 582 1344 7345 1747
110
3332 3339 327 650 1504 9342 1956
120
3814 3822 357 714 1664 10730 2183
130
4427 4437 387 786 1828 12509 2414
140
5106 5119 417 874 2008 14484 2652
150
5661 5675 447 943 2188 16090 2880
160
6670 6685 477 1007 2368 19057 3104
170
7448 7466 507 1086 2548 21331 3345
180
8117 8135 537 1148 2728 23278 3616
190
9585 9609 567 1234 2908 27623 3835
200
10380 10406 597 1283 3088 29946 4090