insertie-directa insertie-binara selectie bubble-sort Grafic-comparatii-favorabil
10
9 25 45 9
20
19 69 190 19
30
29 119 435 29
40
39 177 780 39
50
49 237 1225 49
60
59 297 1770 59
70
69 363 2415 69
80
79 433 3160 79
90
89 503 4005 89
100
99 573 4950 99
110
109 643 5995 109
120
119 713 7140 119
130
129 785 8385 129
140
139 865 9730 139
150
149 945 11175 149
160
159 1025 12720 159
170
169 1105 14365 169
180
179 1185 16110 179
190
189 1265 17955 189
200
199 1345 19900 199