insertie-directa insertie-binara selectie bubble-sort Grafic-comparatii-defavorabil
10
54 38 45 45
20
209 108 190 190
30
464 188 435 435
40
819 286 780 780
50
1274 386 1225 1225
60
1829 486 1770 1770
70
2484 600 2415 2415
80
3239 720 3160 3160
90
4094 840 4005 4005
100
5049 960 4950 4950
110
6104 1080 5995 5995
120
7259 1200 7140 7140
130
8514 1326 8385 8385
140
9869 1466 9730 9730
150
11324 1606 11175 11175
160
12879 1746 12720 12720
170
14534 1886 14365 14365
180
16289 2026 16110 16110
190
18144 2166 17955 17955
200
20099 2306 19900 19900