insertie-directa insertie-binara selectie quicksort interclasare bubble-sort heapsort Grafic-comparatii-mediu
10
31 32 45 55 23 43 38
20
105 88 190 137 64 178 115
30
248 160 435 241 111 426 203
40
428 234 780 339 167 764 308
50
656 316 1225 447 221 1173 413
60
940 401 1770 546 282 1717 526
70
1273 492 2415 650 344 2368 644
80
1697 583 3160 802 408 3116 768
90
2033 675 4005 889 474 3959 901
100
2547 776 4950 1035 539 4886 1026
110
3223 875 5995 1171 610 5935 1155
120
3695 978 7140 1301 680 7075 1292
130
4298 1079 8385 1454 748 8247 1433
140
4967 1173 9730 1538 827 9607 1577
150
5512 1275 11175 1697 899 11112 1715
160
6511 1393 12720 1854 972 12587 1859
170
7279 1497 14365 1951 1045 14262 2003
180
7938 1597 16110 2089 1126 15953 2161
190
9396 1717 17955 2280 1201 17808 2299
200
10181 1818 19900 2513 1280 19778 2450