10
516 116 669 495 277 521 521 748 357 202
10
171 318 251 419 595 538 428 133 92 612
10
232 191 428 293 473 348 517 190 86 434
10
10 788 644 506 367 69 82 88 183 381
10
620 154 352 458 262 744 634 50 28 279
10
11 238 318 653 793 523 165 173 65 546
10
761 33 432 321 624 786 460 464 592 86
10
759 282 408 193 515 0 276 498 416 203
10
361 349 370 772 412 255 777 372 481 346
10
532 394 107 150 542 0 150 179 319 561
20
645 591 437 560 450 600 14 30 62 314 411 416 586 678 305 509 215 788 528 762
20
412 261 634 636 757 329 771 456 246 135 444 468 4 306 532 549 398 678 130 464
20
314 250 214 128 389 628 76 568 352 266 125 241 272 736 213 195 666 342 677 741
20
57 327 58 715 156 557 681 411 430 360 65 37 250 589 144 405 777 187 270 93
20
772 128 368 581 102 13 237 24 315 185 544 734 56 254 309 661 313 496 450 329
20
450 199 150 314 14 240 448 740 85 764 196 254 750 440 384 380 468 160 397 697
20
310 78 578 339 438 41 270 86 612 302 126 514 85 576 240 83 673 736 496 648
20
372 398 291 246 485 690 24 660 60 669 711 15 583 467 112 285 326 437 139 798
20
515 375 724 401 288 97 513 157 223 636 382 470 223 149 516 487 304 594 665 69
20
493 59 720 203 389 424 4 525 167 415 440 229 411 544 782 249 136 392 675 174
30
781 323 126 573 346 104 355 221 655 90 407 479 709 672 292 714 709 43 237 238 131 375 421 235 11 60 365 345 34 515
30
754 196 591 406 474 548 376 175 421 719 513 145 478 587 171 676 418 620 250 447 718 228 116 540 456 698 753 0 261 197
30
109 148 306 713 421 117 496 10 472 97 48 474 578 347 428 716 471 464 15 225 243 581 479 524 544 160 441 325 198 67
30
385 140 214 395 9 236 365 516 786 202 518 233 498 6 76 511 534 414 525 253 725 252 443 416 79 379 760 709 601 648
30
35 188 574 535 726 588 69 105 642 486 266 790 123 769 155 259 755 676 197 53 572 87 516 253 732 147 0 672 638 285
30
684 424 475 515 593 167 149 680 214 482 795 734 180 664 221 117 132 203 490 308 345 30 578 633 80 204 316 196 650 706
30
573 13 763 434 255 624 131 245 711 453 500 356 492 595 98 341 673 513 263 31 482 696 227 768 234 784 432 504 126 409
30
760 611 686 42 437 285 639 319 402 405 364 311 505 739 328 427 316 362 261 18 710 363 455 155 621 314 554 57 516 379
30
417 56 590 540 26 346 428 10 614 426 144 306 787 485 135 669 220 13 253 494 695 520 358 644 259 423 627 741 680 196
30
399 280 771 233 320 672 563 723 185 64 91 398 421 433 182 231 418 410 213 162 54 527 209 529 17 743 668 267 73 146
40
276 368 471 283 95 662 60 410 794 798 281 531 708 711 623 497 477 228 309 650 474 307 590 278 763 782 24 154 183 275 309 652 334 366 651 88 618 488 642 784
40
541 20 15 316 227 468 63 232 126 181 688 102 498 106 257 387 40 241 240 397 629 463 212 407 768 608 380 621 697 681 422 446 151 63 609 352 536 596 380 198
40
506 422 359 304 703 244 573 722 250 93 49 215 755 269 184 781 419 537 226 32 414 39 85 477 495 26 411 395 447 647 737 181 320 305 52 18 33 27 584 373
40
127 548 764 378 235 159 550 774 253 219 280 97 774 782 237 378 569 433 496 627 497 399 225 790 396 610 21 34 756 590 60 57 529 43 19 481 470 22 762 208
40
160 349 159 617 507 555 612 480 696 32 662 56 549 652 255 260 487 344 46 763 465 92 297 515 442 40 575 543 585 773 196 529 555 643 605 216 72 430 66 335
40
123 599 230 512 589 35 569 51 71 735 231 645 79 114 114 113 175 226 718 208 630 352 554 11 779 646 286 347 47 103 582 323 220 531 451 253 731 600 28 48
40
751 440 205 143 643 67 657 441 561 111 659 345 778 122 262 151 697 523 593 483 340 294 69 47 485 453 496 360 411 624 623 161 655 339 723 144 123 383 595 718
40
560 633 134 649 530 75 72 71 699 269 43 526 182 349 358 735 139 15 665 741 792 208 267 325 35 336 466 361 614 120 124 183 456 153 3 440 311 423 660 519
40
102 501 678 2 528 639 7 443 529 289 781 127 761 481 798 500 470 163 36 133 335 163 164 502 258 57 652 261 671 8 226 667 345 61 66 461 59 161 699 448
40
326 576 191 75 130 394 782 671 63 174 364 22 29 19 760 168 500 757 392 281 684 294 99 513 194 18 97 678 782 535 41 454 328 799 169 167 437 725 306 48
50
641 550 304 217 564 222 282 96 642 89 258 296 351 569 728 79 539 464 590 655 28 406 367 189 256 706 713 410 144 74 185 265 557 495 635 531 535 730 226 428 668 516 11 525 595 350 91 213 396 517
50
87 16 53 247 733 208 357 673 547 435 238 471 357 584 290 642 63 402 259 126 410 529 286 323 537 11 67 176 88 187 105 720 653 412 37 752 123 290 601 98 319 300 232 167 686 288 42 643 16 493
50
180 420 582 591 531 22 648 624 742 11 146 99 532 641 682 720 87 443 643 237 687 605 201 485 563 38 161 288 541 781 649 292 67 644 409 30 563 750 277 659 719 44 417 71 667 472 489 239 434 465
50
327 678 36 444 693 299 193 388 96 718 641 360 42 513 613 58 289 688 65 267 487 435 623 692 176 250 26 231 718 295 634 590 332 668 194 88 217 273 609 143 130 140 518 110 599 692 237 543 540 430
50
47 162 263 696 405 192 226 10 248 561 736 239 368 13 141 85 33 635 722 564 224 55 627 336 77 586 249 794 683 209 609 348 442 244 515 212 138 211 492 347 300 329 233 646 242 555 762 433 549 612
50
481 153 775 302 275 719 544 570 448 406 618 589 664 758 111 151 80 576 23 237 26 683 471 629 27 116 187 262 726 40 66 765 492 48 125 486 89 722 474 266 574 342 437 241 2 401 36 145 518 609
50
384 785 204 467 778 779 461 77 260 606 92 461 628 70 478 79 260 433 207 605 543 504 332 240 658 350 242 443 128 311 515 354 72 195 728 771 160 720 601 777 640 81 442 73 8 525 488 505 94 197
50
694 654 354 340 551 162 325 722 529 476 20 561 681 281 460 232 424 293 483 221 638 493 35 609 84 481 502 755 95 407 263 54 737 378 37 255 787 597 205 592 734 116 672 632 353 484 650 484 443 154
50
138 474 291 325 475 336 450 113 133 7 798 92 729 506 251 113 243 552 118 58 394 218 651 604 368 85 792 683 665 768 262 702 440 98 401 199 117 32 499 623 646 558 418 291 780 681 675 218 550 563
50
349 682 309 84 1 6 317 707 382 222 655 322 82 710 29 735 536 466 441 694 712 490 314 504 305 561 629 730 173 278 262 243 409 234 294 97 30 413 653 110 234 470 96 211 30 575 471 653 586 300
60
654 342 698 617 333 172 533 85 612 231 33 703 7 172 353 101 17 392 306 742 435 529 185 21 187 124 156 719 656 345 769 103 86 423 788 333 25 508 698 69 392 586 669 329 136 755 561 496 72 526 325 734 48 26 395 296 653 778 437 791
60
0 127 28 700 593 207 441 592 36 688 724 545 556 222 21 415 729 623 137 458 377 284 308 155 401 489 550 737 543 710 776 462 42 144 28 141 158 790 640 773 739 511 60 370 216 192 752 646 788 631 110 248 177 472 398 397 528 428 661 415
60
633 286 196 231 450 364 363 103 85 293 691 279 629 400 79 425 210 172 651 732 642 660 235 557 439 526 668 474 787 580 263 424 222 95 52 618 612 577 148 286 206 261 627 139 329 605 79 417 701 64 631 408 342 413 592 96 657 103 311 230
60
464 706 17 684 336 152 17 573 444 404 427 15 476 67 407 606 185 400 484 479 374 796 733 234 467 223 785 403 451 686 47 329 168 393 109 738 523 697 495 667 388 85 166 642 178 105 712 360 270 483 441 367 444 319 119 795 520 243 742 242
60
362 784 523 664 232 653 249 555 459 594 212 698 607 490 257 741 316 197 550 504 378 579 224 263 646 12 278 302 529 455 720 401 260 731 707 350 716 722 474 531 743 533 218 488 194 710 316 113 423 389 454 567 33 236 431 774 44 676 225 187
60
246 663 498 493 139 285 296 128 604 462 344 685 501 628 690 684 362 464 287 584 153 150 82 103 81 429 385 532 224 138 498 313 750 499 179 556 117 229 509 765 205 358 544 660 582 420 129 360 453 94 436 405 89 778 616 289 294 357 534 193
60
499 451 761 564 444 216 193 253 437 771 90 652 353 723 486 527 360 472 163 213 331 569 555 650 135 594 764 731 168 643 53 39 306 691 603 49 655 696 496 472 668 746 112 605 8 93 706 779 137 776 742 165 389 280 761 421 324 542 757 256
60
525 138 38 777 8 161 337 304 37 243 565 127 504 11 768 666 254 30 463 737 336 744 142 163 739 646 695 44 12 194 755 119 312 714 314 339 92 787 204 489 167 189 207 154 562 249 578 100 300 320 144 143 707 17 565 181 425 510 326 268
60
278 146 40 798 600 71 228 282 370 723 365 589 749 87 350 318 788 170 389 599 679 575 460 768 325 59 138 215 609 139 745 669 730 419 219 396 586 533 254 188 779 745 112 613 409 120 649 7 449 307 169 679 52 231 46 6 791 161 111 288
60
584 426 169 448 298 459 424 243 792 248 390 63 582 255 256 597 702 291 283 633 539 617 614 482 3 150 263 476 628 637 61 447 164 488 339 31 439 736 514 92 664 392 160 340 765 480 737 600 505 431 357 35 576 485 744 173 240 218 397 423
70
87 425 290 766 491 69 124 268 333 347 271 522 175 362 210 274 43 474 620 708 21 195 700 476 204 319 305 743 197 147 58 116 342 292 224 540 28 337 315 34 87 212 203 537 620 183 716 349 451 312 492 230 778 664 667 643 792 752 566 9 635 273 782 249 293 427 13 694 168 683
70
428 231 732 677 741 765 621 505 574 670 151 296 69 102 29 342 738 451 632 242 322 613 437 758 430 342 565 444 536 574 425 327 306 583 223 714 645 260 126 200 609 170 632 155 587 483 352 761 116 236 544 673 694 419 612 788 388 338 308 183 192 352 39 710 117 443 642 317 197 501
70
405 368 368 606 306 640 12 758 49 76 731 763 672 154 327 520 295 175 767 608 397 508 508 227 377 700 351 384 195 509 403 592 56 333 525 159 109 329 233 338 349 266 39 18 483 218 190 432 745 156 401 346 231 110 536 420 127 591 226 607 413 134 597 460 600 45 477 636 305 423
70
663 257 605 736 617 416 371 223 380 496 545 191 53 770 135 303 52 380 107 500 84 139 551 664 37 61 84 76 749 269 480 749 640 775 694 719 571 795 55 552 115 278 405 368 7 326 559 226 357 378 57 369 592 30 792 595 304 172 280 27 588 115 347 561 230 577 220 67 731 417
70
179 215 142 169 760 598 75 283 478 45 279 712 241 767 342 155 641 247 508 797 283 120 368 55 543 134 220 774 110 63 650 570 710 43 329 586 168 618 392 734 591 148 167 105 650 486 651 15 528 167 479 366 517 406 787 397 230 772 525 100 217 210 209 568 143 297 474 369 114 788
70
618 600 124 352 298 504 200 545 760 335 211 325 776 531 327 758 468 273 296 0 184 514 120 640 411 149 296 659 295 786 206 496 741 24 26 694 75 681 731 185 238 667 370 118 282 572 385 75 759 38 153 372 560 3 721 507 187 275 713 237 237 727 580 554 269 376 572 640 423 234
70
609 75 575 185 211 765 204 591 288 281 134 476 138 665 542 576 248 393 390 735 262 765 671 708 293 796 640 251 562 679 593 385 324 707 389 91 666 514 74 719 158 726 591 392 714 680 545 268 654 701 600 143 336 202 292 470 531 86 414 267 521 727 562 782 91 799 222 409 390 235
70
151 308 641 583 453 619 68 445 106 338 417 63 722 735 55 730 120 581 602 310 76 669 298 123 232 298 651 494 141 791 564 223 617 338 509 451 768 14 512 212 290 473 140 134 186 376 261 759 301 30 341 778 438 527 668 31 228 229 69 560 537 512 95 200 779 211 659 754 510 258
70
483 458 486 381 151 793 345 552 324 521 103 235 107 629 234 134 131 240 302 298 135 790 528 73 413 112 670 158 112 142 577 258 144 286 8 598 503 147 479 778 537 475 323 236 784 422 127 210 512 767 131 253 766 0 357 399 675 129 248 430 15 288 592 146 583 622 494 84 173 125
70
193 192 518 505 80 700 581 546 301 299 561 250 115 666 2 35 589 440 162 648 196 508 440 291 503 479 611 218 308 224 265 83 216 755 11 718 20 718 632 410 467 371 752 754 581 535 407 162 516 373 679 689 321 695 383 676 584 639 765 452 140 27 6 1 2 58 485 649 712 206
80
197 53 662 20 86 569 181 482 273 273 557 799 158 299 355 519 166 191 632 432 109 526 602 129 750 485 132 112 333 55 253 705 660 134 445 66 86 609 691 354 14 86 652 341 655 547 756 335 636 611 772 91 229 667 635 390 374 364 710 156 474 520 661 582 730 342 503 152 4 414 612 24 572 745 269 452 350 331 307 520
80
764 334 651 271 437 528 701 694 482 694 564 652 351 652 682 627 441 187 246 348 13 549 771 190 212 16 0 606 751 370 116 680 47 785 242 456 172 784 390 152 1 755 451 90 333 85 587 57 352 605 210 348 413 203 319 773 123 293 761 705 287 12 415 441 107 12 644 552 595 739 15 298 784 452 648 582 113 278 569 514
80
747 759 456 272 30 391 732 122 422 594 596 274 716 426 562 259 690 690 80 91 593 720 616 293 409 317 161 665 310 512 750 462 37 435 570 665 213 752 212 609 150 560 270 63 717 608 639 611 469 517 299 629 779 478 757 121 180 703 719 104 68 298 375 795 354 45 461 94 37 352 85 631 470 461 75 449 698 581 653 403
80
239 218 173 148 290 791 525 592 323 191 376 686 254 168 213 27 358 624 367 755 301 79 2 211 675 389 630 631 389 588 539 161 523 341 500 256 789 262 735 142 792 387 713 624 263 81 160 700 33 635 48 467 331 249 340 195 578 261 475 235 446 302 152 440 767 462 5 583 63 116 526 430 466 321 433 157 413 220 36 580
80
689 764 389 675 377 602 600 658 522 620 78 112 50 418 77 219 143 777 135 388 23 207 562 742 346 448 167 747 348 194 386 659 159 723 201 47 12 300 209 96 570 234 230 738 108 258 20 102 747 513 263 151 309 612 632 386 360 248 68 283 637 635 80 352 3 48 220 78 537 336 118 231 514 97 449 612 50 166 414 716
80
402 317 88 780 680 32 449 299 162 627 616 278 372 3 313 701 704 500 707 287 177 322 403 411 669 224 577 261 233 714 16 316 653 664 433 406 226 595 452 640 730 714 215 269 372 181 606 372 73 466 647 620 482 100 265 9 275 461 781 636 337 298 710 381 373 252 46 787 558 652 206 794 367 266 796 220 781 76 402 457
80
443 558 151 644 726 532 432 21 699 473 752 711 168 739 302 14 558 7 401 104 214 382 798 171 299 463 612 520 268 424 674 471 674 412 456 355 309 310 754 672 629 555 508 687 458 82 527 744 330 676 95 163 255 186 44 606 682 708 643 380 26 581 715 755 149 290 721 171 356 747 208 607 82 23 390 391 463 599 640 125
80
136 434 453 797 270 692 481 759 591 234 594 239 573 132 546 76 378 278 432 137 516 184 94 99 399 420 267 71 364 786 625 535 147 480 721 663 770 351 574 115 431 496 493 161 153 484 112 426 195 288 201 723 566 385 41 246 244 715 328 405 466 162 389 378 260 238 474 442 793 241 312 584 328 372 696 632 335 71 83 620
80
559 56 162 422 403 139 398 570 408 500 293 93 401 75 566 483 96 556 409 442 302 63 407 100 137 170 283 167 413 752 254 299 555 743 778 555 54 62 642 619 606 793 202 660 726 495 112 103 603 510 751 593 182 546 701 625 235 19 256 104 604 610 346 730 591 137 432 465 467 192 175 766 279 36 422 57 520 18 310 117
80
52 597 446 454 648 241 155 142 725 674 347 605 452 353 2 4 2 649 237 721 319 796 723 607 193 498 47 659 590 665 768 630 439 343 369 5 435 325 59 662 635 315 609 659 427 115 395 237 246 515 28 719 8 761 738 565 37 271 91 468 267 681 218 169 287 695 118 454 7 600 28 220 317 149 622 478 321 254 218 370
90
109 197 765 277 59 3 195 287 27 472 299 308 607 139 518 488 242 28 415 232 750 294 399 76 650 404 290 702 52 554 491 170 499 782 534 440 323 262 596 247 104 446 736 630 391 133 252 167 675 542 709 597 178 459 636 714 637 337 644 792 466 222 561 228 450 780 147 277 773 302 167 141 733 159 194 710 126 384 325 208 84 259 774 30 726 772 129 245 606 628
90
637 637 129 293 496 360 322 129 738 82 711 713 260 492 504 204 191 249 442 39 771 41 690 230 708 637 159 334 592 3 609 182 348 550 136 425 293 407 199 190 570 575 360 709 552 247 133 199 169 171 495 68 748 718 440 528 133 152 362 74 462 549 424 129 184 469 106 501 670 235 689 549 626 500 70 531 642 780 61 387 694 228 366 67 138 120 205 251 598 730
90
148 343 505 67 355 625 72 758 581 629 675 536 528 619 618 626 317 642 59 286 452 35 259 595 262 658 349 150 582 725 777 153 55 119 609 767 429 49 267 604 631 343 75 426 574 434 583 549 99 132 653 190 397 637 80 273 514 285 313 335 293 698 467 629 744 203 587 86 399 608 550 420 248 201 167 646 612 658 80 286 142 717 201 338 312 310 100 287 777 21
90
488 231 185 345 592 789 604 23 179 281 544 330 223 245 352 187 571 362 150 177 595 283 496 335 403 602 337 196 585 488 32 360 457 215 29 463 0 489 546 31 649 439 65 273 518 541 386 510 32 366 23 101 739 608 536 352 487 81 337 465 528 352 587 423 527 692 121 78 264 13 8 104 785 469 292 515 588 597 718 1 419 673 791 569 248 156 560 757 404 296
90
703 307 45 578 71 358 131 490 484 438 83 66 151 344 101 306 677 163 713 125 243 121 329 525 336 740 782 647 195 164 30 395 751 342 379 694 240 534 226 63 64 217 79 181 664 279 437 711 397 546 697 65 378 152 680 789 269 402 328 225 789 614 766 351 320 212 696 648 577 747 95 689 733 315 402 314 559 460 356 67 756 420 671 178 267 403 719 754 323 766
90
396 659 619 371 739 161 576 185 489 18 686 218 546 473 88 655 724 47 572 65 746 786 382 764 287 654 779 606 415 538 758 469 421 143 482 324 400 647 10 353 374 402 300 794 712 743 250 186 243 187 767 95 22 502 28 785 326 504 508 722 464 282 759 372 165 497 505 789 126 258 37 635 493 628 73 545 449 452 665 83 83 366 530 179 523 75 171 313 293 768
90
571 132 686 152 33 362 513 765 137 704 218 664 198 772 514 746 787 166 341 180 507 544 92 641 175 167 512 390 215 602 16 508 613 45 25 339 415 151 277 417 553 35 102 365 557 333 429 430 149 580 95 530 270 794 443 693 137 138 579 756 88 334 451 12 402 295 552 259 265 74 190 146 652 571 730 282 105 311 554 582 788 531 143 531 178 681 35 629 180 394
90
437 510 241 413 477 794 631 141 262 154 67 293 516 272 260 328 577 562 759 724 731 128 662 591 45 36 176 679 491 182 190 660 525 611 54 769 98 791 520 664 275 289 29 796 238 740 126 743 446 579 157 613 328 18 251 756 81 525 736 288 558 307 180 91 407 443 229 359 443 767 211 775 36 157 87 592 269 319 325 283 263 530 466 447 636 27 162 446 460 301
90
455 432 110 787 288 462 371 218 395 361 568 310 773 406 516 73 699 120 243 602 257 36 679 637 376 520 73 356 324 107 514 92 56 259 146 229 776 577 633 169 703 182 652 232 200 516 209 378 449 440 122 411 247 518 671 347 703 147 580 31 795 411 301 653 783 343 389 65 430 261 530 557 233 652 399 172 611 687 735 639 46 39 190 587 744 68 739 734 386 73
90
424 102 156 653 603 362 409 285 87 551 564 368 126 66 187 26 639 193 248 730 440 447 726 428 260 3 724 451 511 494 492 65 598 445 312 354 529 22 431 306 412 769 214 374 211 607 692 384 126 784 681 676 795 218 246 545 466 350 85 456 337 750 210 515 18 561 95 60 710 464 471 458 464 226 143 782 697 115 2 431 339 456 403 784 792 393 91 750 470 549
100
454 699 494 249 57 42 326 374 60 541 105 139 674 613 466 453 439 719 625 550 95 299 684 548 432 738 154 638 671 430 257 745 379 418 384 165 272 289 290 237 89 395 795 727 114 471 166 209 513 336 558 696 274 741 90 424 312 446 125 645 519 396 138 706 136 678 132 94 21 323 601 123 188 41 789 732 785 355 437 274 702 11 184 163 367 739 211 671 512 42 276 130 295 486 748 627 124 369 590 458
100
595 636 677 434 488 126 420 283 411 416 77 255 670 347 719 187 725 698 626 703 25 683 101 435 382 360 649 327 68 206 135 106 609 747 258 396 444 720 744 332 438 626 610 185 203 570 99 427 629 47 441 357 370 554 620 524 91 306 326 50 618 328 267 310 3 799 214 458 439 519 344 260 437 784 683 519 14 133 190 569 680 443 685 697 791 462 379 190 54 434 589 466 149 300 14 767 42 759 134 697
100
177 45 129 269 505 516 71 541 140 312 380 322 406 165 311 10 655 642 247 49 632 681 176 269 361 712 726 400 118 419 737 13 290 43 130 588 464 69 471 756 743 209 784 221 660 519 201 211 256 751 220 742 309 9 545 179 677 778 480 556 146 199 664 132 735 684 306 671 660 319 707 496 511 753 639 27 421 235 757 436 14 673 219 535 493 405 284 540 649 737 478 207 565 340 482 5 791 763 538 796
100
366 363 726 319 656 695 710 324 790 268 311 249 471 516 87 119 719 479 702 521 751 256 245 752 742 110 284 606 666 103 635 468 177 726 2 406 114 612 86 122 197 598 715 438 696 613 396 211 247 268 236 516 783 22 33 412 567 203 486 136 690 348 329 15 416 157 734 565 350 507 180 56 794 232 150 617 683 724 40 751 459 434 47 545 669 151 18 635 455 335 230 422 519 171 78 591 330 430 645 226
100
549 606 732 786 459 399 320 22 550 31 239 107 66 664 19 252 459 183 302 494 547 50 584 513 735 65 264 174 489 744 182 46 25 561 605 597 794 554 55 718 541 344 539 669 702 468 364 507 329 682 111 685 708 315 538 686 443 753 395 769 391 123 119 309 614 251 188 200 728 777 109 393 224 494 409 53 525 784 18 204 578 38 197 332 529 323 211 40 474 781 704 403 56 616 754 120 278 576 595 328
100
514 175 761 359 93 341 46 701 620 772 641 261 30 65 435 182 124 693 44 502 185 518 548 331 33 97 311 610 306 265 465 142 130 77 217 754 766 768 368 279 197 220 219 425 36 403 628 207 136 266 5 422 657 562 10 231 593 265 538 138 509 668 762 427 78 38 205 542 587 484 621 478 588 339 263 63 471 116 502 405 128 110 385 176 695 133 697 608 132 244 308 685 25 165 775 393 587 239 380 711
100
425 21 776 614 455 566 208 570 533 96 507 798 191 319 200 563 31 276 142 389 771 583 419 658 516 555 517 75 9 685 722 274 473 139 726 28 580 161 615 566 349 655 220 634 141 10 394 410 120 664 603 128 359 56 394 488 568 668 727 333 423 407 735 268 250 220 293 488 672 612 771 695 167 734 744 785 319 526 634 568 145 391 262 405 466 463 82 232 496 354 470 452 430 658 249 558 198 673 22 583
100
167 30 285 425 363 297 703 548 789 634 110 712 210 379 427 223 788 226 456 373 736 492 334 541 760 121 217 631 88 532 382 530 623 352 694 453 637 334 250 47 542 528 741 142 547 173 731 210 749 796 415 217 249 582 32 736 265 500 321 399 611 655 168 571 125 138 658 296 12 459 260 228 694 224 768 184 712 345 731 221 294 246 781 296 524 353 5 396 723 125 563 203 188 525 502 171 481 177 762 699
100
40 513 736 464 484 367 358 189 386 90 710 133 695 476 302 766 773 556 615 507 438 352 474 3 561 650 28 422 26 278 319 432 795 560 3 153 479 623 3 732 175 429 75 651 548 8 453 610 333 569 552 479 636 761 707 189 399 165 515 39 18 79 563 289 76 89 313 316 169 486 520 414 11 209 559 104 576 393 630 35 267 793 29 546 671 757 644 774 96 27 460 165 643 641 655 689 608 416 642 402
100
368 73 651 661 748 99 619 45 425 604 558 471 161 257 786 169 421 371 787 595 169 620 682 366 210 451 81 77 442 679 692 683 19 127 264 122 169 197 239 453 267 241 285 577 528 611 486 432 288 257 367 515 463 152 327 232 751 221 252 521 152 244 89 656 185 416 350 274 178 22 126 531 798 327 184 234 406 534 717 45 401 96 538 224 147 257 64 180 28 485 503 517 438 300 784 643 58 532 625 617
110
409 121 112 309 41 111 152 548 556 527 595 144 613 194 379 633 113 392 488 650 323 8 495 583 524 662 654 193 153 694 333 278 615 464 755 639 541 268 415 652 266 518 758 288 501 680 95 682 580 242 521 510 446 574 214 64 561 569 700 478 710 143 640 405 679 448 138 1 571 496 718 103 548 658 169 63 169 710 216 532 292 515 606 251 532 595 771 329 23 287 248 295 96 349 639 175 607 493 269 99 527 320 337 481 140 525 117 678 244 65
110
796 773 518 545 315 388 438 708 401 773 110 304 150 66 399 203 545 789 529 446 679 261 531 688 469 595 304 720 217 168 279 748 614 17 251 689 741 663 551 575 65 415 547 535 383 240 236 24 101 672 702 377 27 641 429 775 237 476 26 472 8 593 353 591 375 502 209 730 506 42 178 481 250 299 384 321 47 488 347 753 174 275 706 582 95 617 593 379 690 581 21 33 552 38 267 450 309 91 436 679 554 716 754 539 164 294 395 25 569 508
110
397 760 357 473 248 782 191 393 321 724 0 191 324 678 439 613 351 203 169 273 301 767 156 102 238 685 145 696 681 237 100 22 577 636 565 167 759 123 347 199 233 461 667 613 298 711 583 454 657 357 36 560 97 653 106 440 314 680 53 622 665 173 717 378 3 0 242 283 595 376 521 287 676 462 713 380 230 259 223 119 163 442 314 92 242 221 325 798 792 112 74 419 699 71 421 549 715 695 753 570 636 336 596 136 122 626 87 48 533 473
110
123 194 771 612 132 29 481 379 657 265 406 790 719 54 456 396 338 332 477 387 592 406 290 625 379 51 768 678 661 599 145 332 170 490 111 49 545 362 682 661 74 359 14 353 423 722 536 238 720 348 782 570 175 389 686 488 403 359 535 167 634 240 526 637 181 40 334 158 533 703 38 24 670 221 202 261 347 43 65 512 143 447 443 162 243 746 682 197 325 615 270 67 130 2 65 15 692 305 119 568 199 289 268 52 465 616 477 202 376 61
110
693 757 309 500 402 305 265 528 57 247 529 397 544 376 396 543 474 518 568 370 268 736 774 385 16 154 604 736 75 486 722 45 193 738 443 404 524 367 32 9 319 559 521 109 55 119 607 544 390 424 199 144 510 741 612 278 450 763 558 597 354 450 321 490 465 445 498 83 399 341 460 692 698 480 535 180 424 545 259 712 176 634 697 364 298 489 792 481 463 138 521 241 799 56 33 714 336 91 349 283 143 45 393 500 550 379 728 263 598 327
110
776 579 318 677 702 188 408 509 319 332 674 761 613 533 619 690 243 463 353 118 598 177 397 721 597 185 157 53 382 37 48 366 707 102 630 303 377 402 545 358 122 395 228 541 81 765 349 364 63 706 393 389 172 563 725 238 563 123 724 323 305 6 371 584 525 462 247 291 612 215 137 215 657 57 791 12 493 253 246 114 528 436 455 194 321 663 418 287 110 313 382 635 430 699 489 731 227 67 34 42 620 463 735 87 301 732 158 732 146 739
110
296 1 599 674 663 647 622 524 91 787 178 382 588 659 615 269 648 381 138 149 177 784 340 406 419 602 160 257 248 485 458 787 207 713 361 463 468 689 577 219 86 681 436 380 522 292 642 94 20 533 105 763 188 768 436 128 191 616 64 97 704 478 376 591 214 361 227 73 244 285 412 646 466 336 74 782 291 454 218 780 702 410 302 793 504 71 696 539 778 410 166 538 494 546 369 365 277 81 130 199 492 422 277 326 224 746 211 90 126 692
110
577 553 515 663 427 344 89 597 36 175 235 89 147 694 312 746 33 351 78 35 332 359 235 718 250 207 474 327 687 429 382 775 475 69 207 165 504 749 429 472 493 795 338 383 11 103 177 562 487 16 628 209 619 498 225 210 333 463 456 523 70 349 741 701 196 5 248 15 79 564 736 448 32 185 191 248 87 328 232 502 377 450 260 415 302 185 535 564 450 489 737 201 452 426 209 689 748 266 36 336 628 372 348 702 541 154 222 63 229 157
110
745 500 673 370 234 290 616 215 565 469 454 509 6 454 250 61 317 387 661 780 292 279 747 379 328 37 634 137 583 34 618 404 511 715 669 117 733 94 721 207 640 440 121 771 679 601 606 679 321 464 796 701 663 417 160 417 262 679 450 395 353 191 158 706 48 729 387 57 68 715 105 205 411 417 752 746 97 583 587 131 401 217 333 8 520 349 516 743 662 281 53 411 735 390 478 326 799 351 571 581 272 464 176 679 451 564 374 732 124 168
110
385 692 65 766 781 304 561 299 588 438 567 720 232 497 255 311 332 553 333 414 291 506 705 678 272 123 661 471 139 251 752 550 516 263 543 258 372 18 406 316 273 610 738 99 101 187 369 259 401 700 343 377 142 272 450 117 53 656 265 752 321 451 95 346 223 370 791 263 464 3 203 274 596 390 463 743 298 641 652 364 89 504 249 724 645 347 717 569 305 22 213 648 324 105 794 399 674 563 690 178 740 340 623 673 504 136 754 406 587 644
120
409 581 725 129 393 561 645 420 40 445 537 392 781 422 272 410 415 577 159 17 246 423 6 330 464 236 70 628 348 264 658 606 266 692 763 163 444 24 512 210 677 382 587 359 767 565 219 188 248 571 496 734 391 43 196 103 645 712 494 675 507 120 124 162 578 300 584 19 196 271 540 255 615 41 615 542 697 191 139 687 508 702 626 338 580 711 768 613 215 475 97 306 220 1 124 572 622 437 91 335 367 284 150 324 760 508 306 387 420 240 734 779 336 309 618 81 394 321 303 438
120
345 124 729 781 198 159 121 721 200 358 315 574 201 72 288 206 149 296 472 562 711 276 231 162 197 163 62 39 340 196 510 582 332 84 563 580 478 271 306 319 442 743 210 625 667 669 222 519 739 140 648 561 71 89 782 158 282 55 477 710 248 280 621 474 797 603 496 210 423 239 791 700 599 497 654 799 457 132 749 303 215 603 695 305 323 494 461 515 506 404 503 622 75 744 594 367 487 156 152 603 320 191 15 25 450 750 453 236 791 746 189 225 787 470 798 137 218 131 471 205
120
510 651 707 325 702 385 311 540 273 241 280 716 582 478 343 479 297 59 337 99 612 219 786 176 388 753 668 26 231 263 339 625 458 65 383 794 734 623 381 497 753 582 352 730 145 78 63 272 170 2 559 375 588 484 710 72 677 690 342 368 161 781 315 799 242 139 746 231 503 705 535 567 648 729 167 454 472 593 589 38 619 385 99 678 714 500 458 654 639 140 179 380 732 200 576 573 277 590 139 459 465 100 431 303 5 55 649 117 751 650 60 438 324 40 662 245 307 249 448 289
120
583 392 66 509 396 458 423 620 703 161 429 531 400 106 452 84 195 160 644 378 293 701 540 556 87 20 277 340 412 741 227 567 544 156 214 22 126 521 683 37 586 620 608 722 216 642 105 314 715 67 127 718 137 624 17 303 437 406 498 252 596 9 64 705 279 368 357 215 223 378 506 348 315 360 792 132 742 256 424 621 787 225 196 243 643 519 406 414 26 304 6 492 554 311 153 745 74 191 557 407 311 245 570 698 8 798 625 687 536 117 765 659 158 109 674 87 700 716 346 48
120
432 243 204 399 103 130 617 751 738 211 399 341 141 559 676 262 303 778 71 737 677 22 412 108 698 618 109 204 120 165 799 790 558 580 423 536 788 576 699 17 404 40 595 188 386 387 550 635 767 566 225 659 773 791 171 269 5 75 574 179 440 444 256 251 632 693 316 292 277 580 369 257 133 713 580 541 246 618 643 242 689 256 102 452 554 271 776 73 201 630 468 16 123 155 330 65 607 589 663 279 364 103 323 13 707 693 115 21 648 766 532 728 686 566 645 542 676 532 485 73
120
732 257 115 149 155 526 160 292 161 98 168 736 567 126 381 251 237 666 85 71 239 572 518 568 298 438 721 180 321 670 679 47 770 754 161 633 50 607 409 218 296 475 262 724 529 259 288 363 557 344 101 160 196 799 28 657 389 240 321 642 393 6 266 600 11 546 781 351 244 478 67 752 142 401 298 534 20 336 515 564 25 62 99 184 217 38 13 319 751 165 563 428 325 487 480 760 277 282 73 210 499 439 447 429 150 780 757 77 533 413 655 296 726 783 340 461 129 303 549 501
120
100 231 489 63 473 282 77 381 715 435 459 741 704 217 389 209 498 743 42 492 485 775 230 625 470 94 609 135 680 633 37 576 74 280 265 498 517 188 141 141 197 505 689 502 70 566 256 277 290 45 82 142 22 330 284 243 789 204 218 377 345 294 5 740 441 780 385 710 264 426 78 745 519 616 635 73 334 62 337 43 753 666 734 215 212 612 188 265 544 752 401 380 124 375 303 417 689 424 63 97 444 641 22 520 3 716 496 463 159 707 46 543 441 412 575 724 647 179 36 232
120
719 399 321 564 342 591 708 654 36 130 444 87 314 705 30 221 696 581 795 702 733 728 322 435 31 113 111 507 247 214 649 512 422 31 261 172 649 81 120 123 620 640 593 129 54 714 85 627 369 608 780 247 167 178 429 5 727 425 171 427 455 526 372 694 89 360 34 476 20 610 568 722 308 123 702 99 772 187 94 140 519 222 25 582 699 133 355 363 255 227 310 172 439 348 676 396 677 322 575 767 754 168 1 373 690 570 489 298 497 472 690 391 767 272 27 411 691 297 14 244
120
70 625 406 656 294 739 554 58 472 278 744 767 476 169 296 224 682 601 796 651 586 739 31 632 461 632 210 467 230 595 46 8 548 148 665 16 238 581 528 147 683 416 528 620 136 653 55 647 523 257 390 709 120 384 198 142 271 201 322 308 330 381 214 40 194 354 16 16 614 584 242 354 643 747 236 93 8 284 204 439 180 206 762 448 705 628 1 625 596 103 436 714 526 31 206 749 434 220 114 443 291 80 66 395 212 307 506 184 494 353 794 24 142 142 529 267 73 517 571 609
120
755 487 151 493 481 147 438 171 22 154 537 711 662 229 296 12 574 358 697 709 516 773 202 648 626 381 235 193 78 121 566 249 597 527 190 476 784 757 448 366 636 385 391 658 46 13 352 570 238 387 496 314 726 85 729 385 771 267 744 677 302 537 169 523 493 22 1 320 545 512 499 218 479 168 705 547 87 241 379 260 639 504 713 468 298 254 602 531 243 568 51 193 452 686 287 35 538 196 158 108 602 691 780 238 678 184 433 266 153 347 447 500 535 647 83 666 132 268 371 8
130
32 275 471 42 358 513 153 613 556 498 758 345 318 394 606 161 486 138 455 127 538 788 550 330 11 577 69 26 452 143 513 166 54 608 646 351 776 189 525 111 93 202 624 365 780 550 15 546 482 360 375 70 60 648 610 417 477 680 54 494 8 117 630 775 750 209 344 69 187 110 485 408 20 7 506 723 0 710 571 378 169 206 124 457 63 36 472 651 665 368 551 438 76 657 248 33 684 745 457 172 398 98 640 208 134 437 677 1 116 651 564 268 374 456 755 477 415 85 704 148 635 478 794 252 455 51 418 163 548 509
130
601 461 140 197 724 639 757 242 133 407 189 376 605 50 50 115 448 542 310 553 204 451 172 71 345 757 270 14 516 213 756 20 718 362 668 680 394 456 336 395 600 571 207 112 436 385 275 413 107 690 666 623 190 725 385 433 689 796 370 85 645 54 649 419 276 524 164 441 32 36 241 95 124 352 283 311 519 357 252 5 162 585 128 505 208 162 508 277 437 439 131 31 30 384 92 275 667 423 133 202 747 583 771 766 280 30 654 50 444 676 509 573 567 315 663 631 527 377 299 538 125 179 652 639 223 326 277 381 407 761
130
607 108 370 126 346 457 566 314 81 231 524 478 500 421 2 392 365 61 544 613 44 378 614 138 757 524 299 627 517 553 739 263 142 531 660 720 313 243 4 733 653 381 198 522 201 79 672 155 652 476 378 134 551 384 689 58 198 127 62 460 655 436 29 478 618 466 100 442 144 222 343 446 581 253 430 793 116 703 306 167 669 586 74 632 755 167 261 109 449 112 36 622 254 296 169 184 43 735 295 596 635 319 456 634 604 624 509 501 472 73 157 616 484 125 403 624 115 764 365 86 708 569 673 335 206 227 177 180 546 783
130
380 111 709 282 342 504 782 95 448 481 424 594 207 515 290 650 459 251 214 637 763 207 303 212 750 447 326 146 195 92 385 280 212 341 611 485 324 488 504 694 188 793 448 497 759 103 406 744 62 479 763 470 741 317 281 381 567 230 155 597 689 770 339 724 374 265 315 327 250 642 82 674 390 722 747 236 43 41 475 17 559 699 395 778 708 686 218 240 352 583 557 346 51 291 515 635 573 485 315 633 292 649 753 111 45 378 450 93 613 619 267 702 18 327 669 295 601 408 613 780 256 26 524 386 199 354 345 358 441 31
130
34 452 151 615 680 107 467 696 10 172 549 150 474 457 435 405 470 783 680 602 492 14 355 309 370 736 174 686 184 465 337 357 219 257 648 273 549 389 493 236 403 404 655 571 315 365 530 399 7 629 732 412 605 183 650 2 137 438 144 637 513 152 543 542 542 347 532 578 373 111 488 783 734 543 461 245 733 135 549 599 14 445 67 208 225 551 268 105 389 760 600 782 338 439 467 488 398 47 476 513 290 248 742 147 630 171 621 361 398 501 661 523 150 666 720 784 354 608 660 38 618 395 759 522 391 173 240 125 510 106
130
678 285 561 403 667 162 244 292 515 132 503 20 161 512 600 755 253 159 515 68 2 51 37 260 164 484 727 23 722 206 524 297 63 526 774 403 402 289 255 137 648 796 766 676 670 130 472 798 550 779 358 472 397 414 789 299 281 116 728 87 294 710 613 219 277 691 642 301 12 13 264 361 248 16 231 678 532 571 200 707 624 711 459 383 669 626 738 278 503 95 699 685 465 41 672 97 94 664 1 373 285 443 400 644 470 680 466 59 418 650 745 217 610 51 717 191 371 208 674 592 546 722 272 763 266 628 323 780 213 751
130
414 322 335 315 516 492 394 501 765 677 123 8 390 491 167 118 357 512 579 310 314 657 452 321 2 292 255 124 513 542 56 84 368 74 2 789 190 35 225 17 547 615 168 712 344 115 83 256 328 584 695 502 697 516 589 45 571 267 115 208 315 681 173 619 76 582 648 649 324 27 491 191 155 583 196 52 741 701 668 234 106 673 44 383 190 37 48 667 385 311 254 183 123 722 635 739 674 623 363 306 747 251 447 12 57 713 579 145 641 484 158 247 91 467 278 374 82 513 646 190 375 267 204 179 61 14 242 50 226 0
130
360 194 212 309 473 492 48 564 10 732 428 728 312 115 6 682 574 124 588 662 526 237 796 209 223 349 774 130 516 185 118 339 179 773 396 434 473 670 46 719 312 780 211 117 18 80 503 658 32 104 51 626 554 461 431 430 493 72 235 71 106 799 262 292 84 129 302 680 677 8 93 387 28 79 624 364 86 14 755 758 80 13 533 374 322 136 584 653 322 352 140 259 386 375 697 337 262 372 259 127 39 795 360 602 29 45 427 605 52 210 63 773 468 373 627 497 548 563 287 23 543 616 311 144 652 220 784 376 29 435
130
319 81 239 144 339 220 309 521 503 602 575 587 251 717 73 130 248 614 673 269 297 311 314 320 295 599 529 466 10 535 223 80 260 72 80 393 449 726 790 572 662 742 243 690 69 30 97 659 636 168 464 602 693 313 316 541 162 725 765 69 389 368 8 691 386 256 294 305 434 629 515 89 437 435 366 488 792 777 65 155 356 26 13 139 83 649 358 783 511 244 34 11 57 451 72 478 723 611 334 668 162 261 56 589 689 518 179 376 620 447 229 42 99 81 538 281 397 567 171 576 61 307 532 99 476 786 230 77 226 145
130
779 295 426 182 707 413 401 53 43 372 277 754 765 167 280 51 380 453 492 336 215 272 462 286 784 565 34 1 220 146 771 87 135 24 546 374 489 326 682 326 645 122 614 439 175 402 240 279 606 505 147 453 71 251 683 182 438 465 443 147 506 572 762 692 430 319 764 245 546 321 767 50 594 494 205 67 85 645 644 132 209 714 70 38 47 116 221 617 266 82 341 303 678 464 727 441 19 467 649 230 349 414 415 159 427 383 150 425 447 19 283 403 105 180 292 37 375 296 699 441 568 123 89 569 249 556 119 39 782 181
140
696 187 92 644 709 617 204 708 74 131 336 71 72 110 736 28 168 22 414 444 263 729 367 119 176 473 257 10 515 16 123 400 722 199 697 280 60 409 311 414 526 422 355 772 652 496 469 208 779 588 245 240 784 778 610 27 413 568 68 409 19 728 571 87 671 574 607 212 601 747 659 469 582 364 229 522 787 228 397 298 133 155 677 187 660 514 172 228 737 30 569 164 458 754 182 230 611 246 594 556 192 267 683 669 241 47 411 142 568 200 335 297 359 571 42 14 412 484 649 731 412 661 174 111 186 100 534 641 736 773 552 654 416 631 145 432 428 584 475 479
140
612 328 427 630 513 706 598 274 286 264 766 366 424 490 423 308 480 197 333 759 565 739 301 671 184 126 729 403 592 116 724 7 457 357 339 549 578 455 527 746 255 52 371 790 285 167 379 40 744 699 207 447 542 552 387 799 528 63 448 51 310 208 585 422 171 652 64 529 658 740 337 434 14 672 437 86 433 570 632 219 104 287 310 794 434 45 479 455 608 779 36 71 79 248 207 248 342 609 717 670 185 306 460 767 587 373 662 760 631 401 94 178 615 666 324 111 135 77 173 678 109 34 553 782 526 652 469 430 487 243 542 698 315 525 455 798 319 430 269 143
140
765 188 5 78 54 166 252 338 464 132 589 136 40 217 187 527 0 459 570 343 645 199 505 764 729 592 603 406 481 341 407 794 47 682 729 103 724 143 423 637 765 717 372 720 334 337 648 478 176 535 438 184 583 143 298 644 433 729 313 295 472 230 149 93 216 461 154 464 652 177 692 597 505 166 491 346 651 32 771 627 454 367 724 174 591 368 738 537 159 580 517 393 212 46 494 647 733 726 95 595 793 474 438 230 79 238 243 155 376 363 517 594 358 472 405 561 684 193 567 269 761 18 472 654 148 364 363 688 386 505 690 757 223 262 167 775 5 515 448 513
140
216 617 172 424 338 789 780 19 603 359 452 92 22 737 162 257 452 782 607 474 487 650 403 435 147 199 707 694 127 7 250 212 607 705 347 586 169 682 678 444 612 636 586 680 647 659 293 6 220 724 797 686 74 639 23 737 690 763 13 476 413 346 319 468 108 364 377 374 551 541 449 558 704 615 685 735 667 330 699 729 674 240 32 30 707 173 264 400 108 661 365 234 157 191 451 122 203 755 724 308 708 181 370 710 592 514 790 181 639 521 337 80 361 3 136 39 76 779 165 584 377 23 367 506 377 26 365 440 500 465 572 531 792 442 642 471 517 376 470 169
140
443 627 490 538 753 513 56 269 792 210 290 73 0 403 548 655 616 559 508 313 335 306 233 14 275 788 592 240 445 70 416 676 85 269 765 606 646 493 667 703 793 443 327 77 406 782 163 470 545 322 449 259 366 113 342 550 358 108 270 438 67 86 45 501 497 94 695 414 162 92 765 146 540 480 690 231 347 766 391 162 755 476 482 17 178 348 260 359 767 718 453 713 397 745 699 470 335 172 537 114 747 86 275 232 622 347 119 195 701 585 338 371 365 2 29 154 680 499 474 486 550 357 243 738 576 587 46 234 780 799 475 686 373 271 244 617 150 298 477 455
140
471 293 232 559 220 510 35 461 105 675 192 798 482 189 266 210 269 382 76 668 737 96 615 732 737 273 446 582 762 10 353 719 786 572 628 614 487 633 569 755 414 15 553 792 664 5 273 451 468 721 707 674 38 409 191 483 61 341 180 634 220 184 660 724 97 326 5 50 661 29 26 76 90 679 615 386 520 619 741 409 287 422 582 375 238 309 760 192 291 548 667 106 411 147 639 229 584 686 368 405 359 181 727 692 542 655 565 725 400 670 471 657 166 529 266 324 620 191 605 137 699 794 257 353 148 253 251 618 148 206 47 442 126 399 117 92 505 152 114 177
140
778 624 589 191 272 309 653 695 588 677 333 622 282 3 23 759 768 277 188 103 418 469 95 148 629 215 366 594 38 9 96 738 655 369 547 434 495 455 558 490 475 213 476 376 161 123 563 330 533 222 261 117 347 477 293 737 263 188 369 538 524 86 74 27 755 21 521 435 450 684 725 733 735 669 694 552 383 529 401 97 231 316 211 522 212 663 745 647 745 301 546 691 674 71 733 87 329 720 613 64 277 540 619 476 351 141 567 730 719 420 784 718 774 210 501 401 17 481 280 342 720 762 442 245 522 274 684 188 350 629 48 21 642 190 34 794 28 150 404 513
140
667 419 85 74 799 582 720 465 290 11 454 708 557 406 328 14 625 32 461 25 319 539 379 226 335 427 685 787 597 43 437 329 248 177 204 472 668 733 382 648 483 759 744 660 747 690 399 41 470 107 127 517 661 664 681 628 272 268 616 781 614 189 25 633 9 766 163 644 69 192 525 112 575 55 156 335 311 98 774 391 64 285 66 609 324 643 756 399 294 157 592 728 361 386 49 302 221 685 110 546 415 309 514 440 267 654 420 296 792 538 698 356 743 177 190 468 785 343 331 336 765 361 107 201 243 653 517 642 80 660 520 562 41 263 437 42 589 336 389 732
140
658 143 143 52 365 21 734 691 443 651 656 463 176 174 576 3 791 436 562 580 110 439 589 697 612 254 308 555 693 708 44 655 103 473 603 420 514 678 659 696 223 283 508 26 743 312 542 558 262 208 41 670 556 395 641 583 713 712 67 436 258 798 489 305 245 110 297 27 100 434 51 328 375 578 189 698 405 518 473 317 237 663 337 691 590 728 525 277 658 686 376 573 285 263 753 342 728 263 572 664 156 601 120 655 472 702 725 176 29 361 359 556 21 322 359 447 709 662 414 262 83 256 226 273 703 182 191 257 521 765 298 146 643 715 3 773 216 43 666 183
140
205 33 518 575 645 331 537 566 335 47 5 643 352 522 129 474 366 661 82 762 317 74 669 315 444 137 759 201 231 617 90 66 448 352 792 99 67 462 430 102 213 155 123 353 550 413 524 533 250 30 431 595 134 75 405 638 568 456 576 482 466 662 598 798 799 360 548 81 366 709 321 534 16 486 316 348 692 680 176 637 258 445 767 518 116 475 552 605 150 681 362 387 197 245 517 177 223 526 278 294 549 495 417 166 741 364 456 411 113 700 174 195 20 685 145 121 533 408 480 533 448 449 555 709 424 453 497 23 610 342 799 140 546 265 51 525 709 538 741 748
150
676 75 730 243 487 157 344 217 176 32 284 763 47 23 315 268 671 202 315 587 376 726 53 244 415 689 80 767 367 783 96 390 368 234 385 240 737 489 269 442 365 530 784 60 456 287 727 709 587 233 472 538 62 21 307 57 336 264 487 69 686 696 169 396 503 427 2 470 374 738 749 61 144 112 325 418 510 355 3 100 749 708 595 176 732 395 152 254 614 110 379 35 763 502 532 646 116 132 369 446 326 584 539 362 280 410 377 651 367 763 678 136 255 418 235 622 778 639 106 337 82 774 390 695 221 251 284 648 771 651 601 500 445 332 319 657 68 82 736 400 711 271 13 537 730 778 469 624 714 173
150
212 229 95 627 277 501 5 616 448 333 155 311 537 193 309 112 292 685 526 413 321 133 352 667 393 646 725 227 697 555 782 638 35 283 534 663 522 332 787 496 773 58 79 65 740 710 21 680 188 609 398 511 378 339 224 362 530 233 514 629 247 11 146 304 268 474 606 505 733 293 564 215 531 606 82 289 99 62 209 216 62 216 152 508 477 736 187 793 259 292 496 76 769 216 97 461 328 402 440 798 443 512 258 722 121 782 626 786 628 282 427 724 293 521 381 764 112 265 623 20 541 643 397 80 640 17 50 629 756 92 294 12 709 342 515 392 266 619 697 782 266 231 751 37 786 561 205 262 305 292
150
44 732 262 730 67 782 562 686 746 150 21 797 549 45 115 763 106 623 415 573 208 531 78 394 185 608 170 598 467 609 400 607 681 638 232 422 280 147 360 320 251 591 113 190 110 616 366 377 730 239 340 727 797 509 250 481 658 718 599 522 535 441 466 228 496 477 787 14 336 363 586 243 354 146 150 373 408 72 697 215 607 290 140 787 226 618 99 227 620 72 554 646 703 214 501 595 372 8 187 225 459 646 117 202 171 32 374 671 600 184 265 528 84 49 238 85 382 186 462 191 652 600 439 106 589 613 422 775 118 419 220 599 201 436 153 769 143 492 551 35 767 547 552 797 32 215 582 778 78 364
150
503 159 255 59 183 67 737 145 76 659 68 322 594 306 34 197 221 141 434 794 775 240 314 182 566 525 249 513 646 647 650 129 112 741 258 27 40 517 216 745 33 163 282 552 547 540 560 618 573 541 136 30 661 288 373 735 39 40 256 491 228 300 361 285 701 172 413 311 591 268 619 570 788 28 543 172 438 520 103 215 585 217 464 319 152 403 600 78 230 497 99 324 250 768 798 258 411 711 199 541 339 159 465 404 361 221 362 467 155 691 313 127 358 641 759 403 315 436 775 306 721 673 351 10 362 309 474 500 504 644 418 171 514 653 797 456 697 732 572 150 706 322 565 118 719 110 84 450 141 662
150
6 539 219 174 509 173 537 4 427 88 570 680 798 82 271 238 384 358 465 778 132 156 228 707 358 179 19 147 432 452 548 183 722 125 557 226 592 463 272 559 217 725 122 755 793 180 689 227 519 769 663 401 126 448 382 366 118 523 534 699 318 228 378 124 681 233 294 485 350 354 192 707 333 337 200 28 379 195 773 758 221 173 608 465 564 12 754 643 393 791 465 139 381 220 398 436 163 660 310 629 52 744 443 405 587 277 167 84 61 482 651 794 234 478 347 264 380 60 454 107 259 48 340 65 188 696 100 694 373 626 614 361 496 758 700 34 115 522 113 134 66 420 780 523 626 617 650 712 633 27
150
518 153 516 782 609 498 629 149 100 98 244 378 339 210 604 144 161 402 582 474 50 213 346 17 337 559 790 549 611 351 507 776 706 199 489 108 49 686 719 97 540 674 431 386 142 731 622 77 749 339 573 560 718 379 581 701 428 339 245 458 52 147 511 593 306 92 427 167 562 702 799 281 289 74 116 547 606 101 521 756 712 704 401 633 381 719 172 528 82 527 235 750 316 292 80 789 526 99 705 123 772 644 133 271 137 372 204 180 638 524 799 604 224 377 504 769 427 542 648 579 254 610 529 461 274 201 773 102 503 115 223 165 33 632 114 259 402 68 126 432 672 229 78 271 582 265 643 470 571 783
150
62 158 623 502 219 448 322 116 674 292 498 459 405 708 20 16 255 262 126 490 238 275 264 671 703 231 210 101 707 265 452 3 191 796 393 540 124 195 779 303 791 546 297 276 402 792 734 567 598 124 275 186 222 503 497 127 747 783 257 42 706 104 432 785 138 648 694 689 388 210 290 254 260 676 9 735 289 481 503 84 107 311 542 534 684 538 779 101 406 450 595 668 779 166 2 141 333 95 581 535 480 426 626 284 340 318 72 230 264 65 777 387 674 318 143 132 754 25 442 522 402 782 622 587 389 52 174 704 126 141 233 92 793 202 282 734 414 534 445 781 654 59 533 126 714 262 222 408 489 437
150
345 543 381 753 63 431 721 389 288 336 197 18 154 599 245 722 77 372 391 609 615 33 307 403 271 371 766 85 644 11 70 267 470 144 516 762 564 457 689 429 408 120 148 379 374 518 281 193 758 387 707 457 392 53 599 460 420 622 298 355 1 418 603 638 723 128 702 232 100 546 129 451 523 368 107 106 448 337 68 250 593 397 720 613 712 137 629 621 529 400 98 665 411 328 118 495 139 524 563 14 169 205 605 155 546 613 727 304 255 169 500 350 179 42 315 639 435 5 422 700 75 53 683 434 316 467 772 609 75 585 243 780 193 167 603 269 316 416 786 303 799 553 197 177 35 589 699 720 348 599
150
129 738 60 752 692 502 82 386 46 376 212 391 416 630 722 787 336 146 397 162 387 59 211 51 300 440 606 129 409 70 761 91 23 197 610 497 92 739 402 61 346 217 160 44 677 689 228 448 141 161 478 261 158 151 143 52 480 471 663 778 102 124 709 273 504 370 176 508 172 37 692 691 203 778 249 474 349 304 710 356 481 118 174 347 452 184 177 769 529 629 500 678 164 544 355 166 498 368 335 434 349 315 696 704 674 529 739 235 78 250 490 545 342 44 622 81 547 390 216 440 365 698 338 394 703 17 183 13 654 334 188 748 562 113 478 548 538 567 212 304 235 327 618 669 437 191 486 748 245 24
150
490 127 34 685 322 518 753 253 203 485 148 631 362 345 477 202 432 300 303 613 375 86 118 157 66 11 3 235 756 457 675 565 754 519 502 25 522 65 674 390 753 275 677 248 607 550 285 372 475 461 599 612 461 610 347 791 533 679 3 79 746 544 289 119 286 330 465 776 133 478 549 188 92 103 69 1 600 309 701 243 48 356 582 735 427 529 471 701 41 403 723 651 493 768 466 617 292 296 339 421 675 23 189 36 7 312 272 129 743 195 564 56 519 535 334 579 156 122 560 588 140 541 177 701 763 115 708 613 701 782 669 668 394 190 726 143 208 74 161 297 562 5 42 680 380 374 60 763 256 492
160
411 175 301 474 502 9 643 794 243 88 167 175 524 251 659 96 621 547 730 581 336 394 308 362 623 407 47 475 91 535 460 369 346 611 325 9 759 175 749 240 425 447 70 489 697 529 365 482 458 308 335 253 722 535 157 313 325 555 262 261 84 164 425 105 411 470 333 179 136 626 18 714 731 520 515 161 506 684 734 514 545 715 509 334 569 260 212 531 86 667 493 384 620 147 533 81 379 551 774 40 346 216 514 501 364 563 330 454 194 126 509 183 117 477 661 94 51 134 498 113 572 111 532 320 4 405 292 699 545 679 22 673 25 420 228 309 652 655 271 658 132 86 760 307 533 532 528 27 268 145 166 582 575 479 494 769 668 284 735 788
160
132 502 774 386 336 542 271 75 248 703 617 483 12 425 84 125 477 42 171 253 45 509 694 285 209 789 24 457 368 154 420 2 486 294 453 310 167 108 83 558 729 437 372 70 452 425 201 504 759 391 775 516 732 66 282 794 114 685 687 133 185 611 229 419 279 155 9 403 129 471 629 143 200 211 466 781 596 395 354 736 312 394 651 184 604 279 257 507 657 433 375 175 524 77 169 144 307 8 714 246 160 8 396 440 487 206 553 404 514 68 515 136 196 284 34 653 460 439 270 247 327 126 506 582 318 396 174 505 293 402 167 646 322 520 199 685 744 427 613 351 397 202 578 446 395 126 286 542 425 60 698 61 540 483 421 180 221 441 101 455
160
482 111 290 435 3 35 777 136 649 705 150 62 566 182 364 231 618 603 693 495 750 482 242 21 37 446 588 620 215 107 532 574 47 135 132 469 315 5 393 480 404 695 594 200 663 414 417 484 299 630 64 781 208 70 728 225 483 383 198 777 407 315 376 665 285 498 667 431 95 508 437 225 738 677 500 251 456 734 409 621 198 541 736 495 100 613 707 796 68 486 369 751 227 610 64 557 616 248 791 427 705 245 622 307 503 756 346 130 641 398 733 81 799 498 570 756 250 126 257 280 707 774 142 269 31 764 755 103 188 659 530 189 433 543 587 86 677 63 138 175 434 491 111 733 710 488 151 709 609 48 178 450 42 289 484 281 300 773 330 783
160
272 431 231 674 91 555 695 547 364 753 204 348 781 721 387 467 666 323 389 722 451 444 397 705 237 298 288 562 40 57 599 100 265 487 566 64 617 458 437 300 791 6 400 238 348 221 131 399 327 438 122 791 775 4 765 465 784 296 371 514 783 663 92 382 89 777 136 166 672 654 25 380 510 427 104 657 330 750 238 70 676 296 108 533 308 43 258 779 97 399 273 761 184 61 468 784 191 275 261 11 644 170 399 246 201 447 622 445 446 290 729 647 22 783 635 795 297 500 179 319 316 550 663 755 25 747 110 484 741 179 192 657 245 659 23 184 266 722 382 463 538 252 749 121 400 210 713 445 520 739 152 182 108 517 133 370 611 642 525 285
160
37 714 301 385 113 797 484 504 33 130 540 401 576 667 167 507 369 715 478 377 74 351 530 692 263 693 799 708 774 292 746 217 100 328 486 301 210 286 98 740 155 578 174 370 653 194 380 648 613 257 390 311 585 750 790 595 496 496 303 93 269 468 530 334 277 496 171 339 622 654 303 453 209 596 290 110 187 118 306 210 742 625 435 392 603 375 331 264 248 767 612 478 578 565 360 713 440 117 704 54 764 453 63 28 299 139 616 583 323 345 391 483 89 230 124 387 402 292 81 96 283 577 19 237 107 205 644 659 186 314 558 229 171 60 666 674 253 587 408 777 728 210 206 384 113 507 92 493 383 190 91 515 293 415 340 570 587 34 114 301
160
436 437 132 470 106 78 127 426 423 746 44 106 396 70 45 454 400 320 501 528 270 784 338 366 493 602 518 704 673 122 627 591 236 460 147 9 357 532 385 545 88 46 230 8 46 510 129 460 257 753 236 736 712 612 722 123 23 479 619 289 748 766 767 110 759 182 54 104 36 76 103 715 650 142 394 745 521 738 602 192 320 319 108 187 86 41 271 284 149 14 235 200 516 86 641 660 501 26 425 35 779 787 270 647 37 114 291 605 391 186 735 267 146 554 453 775 90 459 335 570 262 600 83 138 610 428 282 70 84 243 558 310 350 167 200 74 703 469 1 703 747 114 523 526 622 420 330 19 149 282 591 730 275 255 406 230 184 363 447 194
160
654 105 77 260 635 742 732 359 25 735 729 176 410 405 686 34 755 303 727 665 614 548 641 535 631 22 170 224 121 287 219 510 683 312 530 443 447 466 230 484 706 268 3 186 722 368 269 285 80 415 554 280 358 123 10 583 694 767 268 298 626 21 205 523 769 588 590 240 324 714 183 260 374 649 478 722 752 334 642 393 256 793 646 60 782 496 549 696 356 785 315 251 430 410 139 561 431 482 55 258 127 690 404 323 382 83 333 598 494 64 700 299 267 497 565 24 211 182 37 723 30 593 255 308 789 127 477 178 519 168 648 729 644 621 633 532 208 600 474 651 66 341 64 771 423 14 195 616 294 321 173 535 658 533 354 322 685 465 2 552
160
2 444 418 709 387 158 533 772 655 56 530 544 512 572 678 199 757 456 549 306 406 676 184 30 506 774 405 567 23 547 623 488 777 336 139 481 393 779 493 152 651 130 454 366 600 392 413 199 230 360 561 387 47 438 22 731 763 508 523 144 434 519 171 413 467 292 108 752 226 187 27 209 448 728 527 629 24 458 264 13 724 486 292 180 443 622 362 184 745 352 352 178 475 751 405 782 418 586 148 252 371 307 174 102 25 780 554 672 203 54 351 507 649 622 128 228 541 67 207 763 292 751 658 620 427 238 606 474 101 517 408 540 642 92 298 616 684 642 663 257 279 289 718 172 540 379 780 701 218 237 82 64 571 371 134 245 695 603 783 791
160
314 9 561 397 175 320 488 160 254 493 509 373 322 95 537 724 655 793 84 593 273 423 439 511 71 105 195 655 211 491 67 663 777 411 605 629 633 392 757 371 288 340 71 33 525 232 502 704 178 327 199 123 32 139 55 550 207 671 185 675 431 373 718 644 138 497 63 69 604 736 244 507 463 12 455 275 406 83 434 280 420 466 413 737 543 724 30 254 521 212 570 355 535 144 116 511 769 466 385 373 399 404 414 654 182 764 689 162 410 55 77 441 14 121 335 302 581 544 591 521 277 696 542 171 631 726 371 70 766 343 142 424 456 273 254 122 173 477 129 782 305 783 701 604 519 431 702 314 647 588 290 673 67 715 418 223 148 65 314 748
160
350 776 634 327 537 645 280 645 89 56 52 448 784 725 302 211 19 756 174 292 565 470 2 58 205 287 41 238 243 331 304 0 268 639 283 616 530 448 130 784 109 232 465 298 265 164 0 327 324 282 137 181 286 30 530 448 732 55 377 365 597 720 622 104 193 231 237 646 446 433 167 724 134 759 97 296 493 408 40 444 568 421 702 348 683 134 199 440 613 487 317 380 216 653 676 163 321 476 371 200 424 777 681 674 594 418 401 29 136 592 593 78 409 10 704 790 357 270 461 257 139 275 680 484 632 577 600 107 572 524 82 284 725 283 285 70 40 215 758 311 388 73 152 370 33 110 105 325 432 153 292 146 125 337 208 503 299 361 450 688
170
595 148 693 730 137 379 718 771 751 179 72 780 167 35 338 86 148 8 789 597 558 523 194 380 312 617 366 687 200 103 209 287 561 548 653 196 771 315 445 662 730 166 773 698 116 287 297 418 388 415 168 476 510 745 593 457 164 81 547 111 640 122 585 506 366 347 335 162 67 369 254 54 105 655 14 553 204 60 699 182 114 268 777 57 189 407 240 698 474 722 469 677 450 165 611 575 433 394 437 137 384 244 58 82 328 353 76 460 525 415 538 619 8 728 677 658 418 126 212 652 155 359 172 709 187 203 44 547 107 563 382 50 212 666 498 305 177 190 363 156 498 235 335 595 480 382 655 23 547 740 710 690 248 634 25 559 531 431 166 500 60 554 719 261 562 188 536 308 556 120
170
605 604 465 227 535 601 64 41 220 323 52 114 260 410 720 615 719 202 689 470 586 539 690 691 721 749 171 786 661 501 492 725 55 791 96 525 708 354 220 342 8 152 132 337 514 235 459 795 71 38 791 167 35 791 518 322 786 323 302 664 488 519 339 9 694 132 784 688 349 395 531 147 181 129 511 525 649 612 483 691 223 93 293 392 373 612 190 222 37 613 743 647 355 23 174 603 26 65 47 499 478 490 307 541 423 497 240 18 565 413 730 446 442 18 378 641 180 179 78 189 323 477 605 189 527 297 600 161 680 51 329 767 440 431 182 37 746 328 94 778 88 137 67 28 320 689 750 636 365 497 279 647 617 797 725 566 391 250 345 165 11 781 199 124 307 32 515 170 685 714
170
172 197 571 305 283 30 574 205 441 321 161 193 615 246 217 480 467 81 62 419 262 319 499 165 750 629 71 737 590 704 101 775 699 690 90 665 495 69 647 293 207 667 325 322 632 660 346 456 117 460 379 563 129 154 148 544 1 566 454 10 217 423 780 56 425 94 646 189 343 389 304 702 128 472 739 363 402 188 153 484 88 457 505 467 249 625 487 679 95 44 502 144 529 339 33 126 625 476 165 275 792 256 438 10 412 355 411 618 521 153 711 745 117 647 330 741 650 113 171 559 101 194 783 254 786 490 295 579 298 125 499 745 133 365 666 416 589 363 675 618 512 104 217 245 66 233 467 420 285 22 579 597 12 776 193 281 772 736 327 635 170 756 224 647 381 432 131 545 314 766
170
387 715 421 217 396 17 722 243 656 163 231 783 216 30 747 174 752 192 797 765 15 737 290 307 242 654 76 0 698 249 170 460 730 488 20 489 96 718 599 328 559 657 492 251 312 123 150 195 406 778 93 87 370 156 32 145 578 662 684 38 561 603 62 166 412 341 404 745 89 228 732 365 566 210 795 106 20 163 189 473 224 456 22 439 326 186 498 258 385 594 196 538 635 707 21 31 465 703 797 633 674 56 685 457 191 358 594 254 421 664 557 67 402 65 66 183 746 145 510 61 338 398 326 517 563 88 203 424 247 427 144 429 75 533 145 131 473 260 666 425 518 162 273 659 259 474 234 704 415 579 621 794 239 45 116 418 313 295 90 343 641 792 318 230 39 16 525 740 775 703
170
714 174 442 22 82 159 641 172 262 16 42 56 703 722 615 335 730 510 175 105 87 607 53 702 515 761 240 486 160 659 387 95 167 482 647 432 50 699 718 76 409 754 666 771 757 733 316 488 660 85 767 318 725 663 18 686 457 171 676 351 714 92 122 71 577 554 313 404 373 638 385 327 657 579 445 544 108 344 519 553 519 661 631 559 261 181 392 496 390 434 70 42 775 265 719 692 22 219 543 177 567 160 261 292 717 179 266 18 606 93 726 601 650 380 235 79 276 658 158 713 286 149 670 417 653 230 442 443 305 734 367 413 278 472 94 161 23 65 539 263 225 744 362 731 317 411 369 154 75 614 624 339 642 139 250 356 787 66 680 233 554 778 740 602 73 609 351 152 134 573
170
401 373 265 89 380 265 111 145 551 84 689 396 622 4 79 255 109 767 140 73 346 197 421 458 541 655 646 628 629 504 735 265 112 668 551 141 55 150 347 402 623 395 76 573 510 361 144 170 268 582 197 779 680 496 86 502 576 111 416 13 448 685 433 727 257 291 233 740 189 559 266 223 752 437 315 343 571 488 509 182 277 757 172 537 446 514 251 667 372 534 326 73 52 185 764 171 148 414 185 350 709 89 433 77 629 787 413 726 211 290 571 417 8 274 202 323 732 462 543 533 586 710 645 740 412 121 587 633 219 228 608 62 665 562 339 255 273 44 301 567 365 495 251 23 461 141 549 539 152 573 315 304 595 654 166 574 23 33 85 776 433 155 226 390 633 627 798 77 25 434
170
34 539 289 257 796 373 558 189 0 213 445 309 247 12 106 3 208 757 506 289 769 685 275 238 289 473 317 556 752 285 551 608 595 736 765 355 777 268 347 674 668 197 75 754 739 311 746 421 614 298 204 480 672 271 355 146 572 477 141 645 466 646 445 442 689 679 103 792 91 731 201 679 791 768 631 619 321 82 471 795 553 30 588 220 753 73 9 775 174 790 457 418 730 753 222 235 747 115 533 797 760 211 20 511 329 28 426 237 446 430 761 439 118 213 654 753 97 450 498 243 721 428 742 222 459 25 725 714 525 615 215 423 531 182 26 101 172 304 100 770 691 686 219 691 329 528 122 143 713 790 207 294 762 230 396 429 695 103 721 629 704 773 430 550 75 344 767 606 530 148
170
217 201 358 4 176 113 728 85 236 483 334 304 248 698 572 462 347 638 602 56 102 756 490 212 785 482 589 219 717 408 141 738 464 542 77 565 685 94 185 617 567 688 421 428 457 50 551 11 645 469 671 376 684 695 15 377 15 346 595 758 273 714 269 276 457 626 201 374 527 48 92 83 610 500 557 25 193 568 423 394 467 372 317 581 611 472 334 539 776 297 739 334 160 756 699 389 534 115 6 461 405 611 368 665 585 485 52 181 742 98 39 149 514 17 282 15 748 537 228 193 51 513 592 347 625 190 544 528 159 292 96 82 549 447 257 772 636 433 339 206 516 107 173 442 613 704 229 244 688 166 204 662 347 398 253 420 642 699 642 372 320 68 798 717 714 245 728 638 35 162
170
178 38 650 92 125 262 516 553 351 261 348 660 93 290 98 181 342 2 308 389 355 622 332 778 567 472 180 317 473 721 377 312 453 239 205 770 120 424 697 114 561 485 770 545 650 48 60 115 405 767 48 192 769 605 234 582 779 476 150 601 712 104 781 750 173 394 166 87 508 367 759 757 501 358 120 370 356 333 117 479 516 215 609 664 699 674 788 65 138 84 554 661 388 496 292 567 473 715 245 411 163 556 229 681 336 747 92 311 219 166 76 778 470 469 664 389 679 606 285 636 271 78 46 484 169 630 281 479 611 439 477 537 485 81 157 508 756 746 301 170 568 391 469 538 588 279 13 772 574 402 138 530 132 262 7 484 50 265 443 427 372 228 423 485 600 656 720 86 577 73
170
689 171 260 481 155 115 119 618 377 445 371 291 86 409 799 267 541 699 148 184 398 377 65 567 768 698 556 221 419 86 739 669 725 165 675 131 315 688 433 685 606 65 181 723 593 156 673 347 476 791 708 595 491 322 525 169 123 446 529 140 80 407 308 304 199 428 121 62 458 258 227 305 672 715 241 777 447 481 284 584 569 50 497 332 192 276 709 769 625 224 18 404 456 171 474 569 29 60 228 419 16 56 323 727 74 700 116 555 763 520 684 82 297 587 10 53 497 282 103 730 733 150 249 427 622 125 553 483 657 187 351 774 747 536 467 624 235 353 290 383 180 233 252 172 266 142 665 641 725 404 315 638 34 769 171 648 380 242 385 488 450 760 773 123 333 575 131 95 503 431
180
578 14 460 404 289 408 605 76 5 6 121 736 280 105 38 651 458 133 255 519 335 51 499 554 299 87 382 677 112 665 552 515 116 224 94 243 224 172 169 579 499 279 256 592 258 166 181 389 312 570 701 179 494 67 622 369 259 111 27 572 132 483 379 612 566 417 695 585 11 269 537 664 741 621 225 114 231 84 223 203 655 675 492 69 677 452 161 632 512 666 724 13 436 723 309 355 516 219 601 691 126 528 413 567 249 414 647 268 710 545 252 738 140 187 730 262 425 149 382 592 236 48 658 379 198 783 188 599 278 283 478 645 773 606 427 154 266 66 469 446 328 460 676 662 739 671 41 55 603 327 478 726 339 779 335 673 713 688 192 227 289 684 113 558 279 782 734 510 562 211 159 63 646 166 632 670 553 717 178 371
180
201 377 766 334 251 3 188 724 603 286 16 145 312 127 20 563 699 361 213 751 230 108 114 161 546 625 382 282 207 738 416 556 336 318 287 742 329 693 575 385 615 52 486 86 234 737 639 22 608 74 469 413 88 39 653 206 238 224 509 241 450 575 757 784 247 793 10 499 253 443 178 337 421 285 349 207 68 68 733 718 712 477 231 260 279 514 422 490 456 372 326 118 558 293 326 452 499 668 424 183 630 275 5 481 217 309 279 288 750 695 591 463 637 348 153 680 274 665 390 528 60 708 268 706 730 181 576 582 584 238 749 793 590 635 188 748 725 72 473 537 143 622 427 291 536 695 415 86 464 651 653 661 33 693 295 24 491 753 483 623 517 419 525 554 190 593 785 290 791 150 655 786 234 475 379 462 287 747 722 516
180
569 55 431 457 286 413 694 518 290 350 548 45 38 355 419 519 411 245 180 686 588 140 73 491 735 306 513 461 294 358 302 434 432 286 468 305 451 579 475 256 703 735 397 748 212 613 625 561 758 713 678 341 11 267 701 335 685 393 16 597 684 11 312 326 22 577 636 623 688 129 574 132 30 700 382 652 231 786 58 182 64 142 514 82 284 580 36 624 45 438 402 407 509 9 629 307 232 387 729 251 82 224 651 667 694 57 779 107 608 291 360 108 483 103 244 764 751 153 702 491 502 368 711 249 149 483 658 115 481 198 467 456 641 250 693 404 447 448 190 283 786 773 299 688 297 792 351 65 486 285 47 291 668 336 706 509 506 589 130 712 312 720 295 129 100 218 210 713 362 536 341 779 729 498 567 299 312 230 443 489
180
684 499 545 7 82 717 75 797 608 106 698 287 194 486 584 586 718 766 638 187 40 11 483 418 128 758 581 141 659 663 53 565 667 146 193 45 5 515 34 748 7 240 342 652 720 654 29 769 479 755 537 248 5 389 593 446 798 273 81 239 795 562 237 446 283 799 516 438 225 557 121 21 382 421 567 46 209 207 449 443 292 472 394 337 108 207 572 535 279 785 737 245 299 222 380 311 702 657 160 42 654 294 599 702 736 705 1 332 305 754 390 200 792 27 219 326 322 632 246 385 637 661 539 233 479 165 587 363 422 144 499 540 529 204 57 100 597 171 0 598 377 129 722 656 737 157 348 509 748 653 168 516 463 494 205 705 365 336 93 32 64 308 33 37 12 189 210 351 17 126 643 357 716 389 641 52 212 625 641 4
180
11 284 12 677 472 702 776 186 713 106 454 372 774 425 783 266 192 376 296 415 374 98 734 347 143 618 65 654 626 216 485 756 60 566 181 639 304 728 420 26 5 672 753 60 225 394 298 184 680 318 279 76 372 244 203 132 1 125 441 754 713 742 390 335 571 362 200 201 124 639 28 402 46 253 798 201 613 737 451 772 413 591 48 744 38 544 105 499 158 43 738 268 532 640 391 734 542 362 322 785 624 329 18 313 367 497 321 323 660 204 241 237 54 398 217 655 725 3 218 261 608 130 652 737 668 571 51 373 699 682 723 638 618 315 331 785 625 73 580 780 412 570 591 412 390 765 525 468 312 652 648 256 670 370 602 527 630 221 53 497 292 60 703 433 248 140 435 70 601 279 358 351 441 233 349 352 733 546 635 69
180
400 345 224 149 586 171 135 430 451 703 610 375 295 662 290 67 178 771 121 42 201 234 762 240 245 617 288 340 521 416 136 167 719 763 500 25 726 766 319 461 691 552 656 500 209 77 235 262 798 602 307 602 255 84 425 74 643 571 706 283 116 479 143 697 721 211 156 400 784 415 550 662 35 530 253 193 457 119 414 167 625 250 634 475 119 201 305 309 584 370 628 513 5 261 94 19 383 20 596 610 576 0 148 299 91 424 586 798 791 429 628 553 299 158 270 413 76 381 483 621 339 112 200 185 1 314 153 519 209 544 351 420 48 629 759 264 594 645 766 84 284 71 604 618 185 594 306 791 531 643 169 717 704 521 697 483 41 616 409 605 427 364 673 16 68 436 752 672 202 630 228 246 536 734 793 385 373 50 560 9
180
414 435 93 323 602 547 516 613 187 569 76 314 190 286 744 13 29 180 22 65 501 440 335 702 73 333 772 700 680 45 373 94 383 227 115 794 278 563 781 206 627 600 692 504 775 139 66 647 250 44 790 209 398 761 370 497 743 209 41 37 644 320 212 294 417 715 16 308 505 768 540 120 73 562 521 462 786 379 71 183 375 436 401 495 129 507 746 701 523 325 428 93 333 445 71 287 624 420 304 270 180 387 766 37 561 530 153 297 151 486 112 508 171 390 125 339 452 11 597 407 711 71 484 190 336 611 264 173 433 487 612 507 323 69 357 63 255 8 102 143 121 566 668 736 333 764 357 783 252 238 184 736 333 662 285 476 169 36 635 477 202 689 497 74 82 286 137 730 642 322 5 162 76 548 145 404 79 242 616 492
180
538 372 94 30 138 338 632 323 672 164 550 550 411 219 242 449 728 540 454 595 134 625 227 537 718 188 472 276 353 131 349 559 443 225 437 261 201 762 651 729 11 661 502 168 67 101 55 737 58 153 382 240 468 294 258 679 76 666 703 739 623 366 525 499 428 235 49 622 722 626 195 316 75 221 507 330 700 778 69 64 394 674 118 672 307 530 309 23 701 587 218 207 483 304 440 653 677 662 489 732 426 443 640 132 81 562 108 64 766 523 340 787 582 278 185 122 38 362 522 429 73 783 321 718 451 329 113 588 297 792 446 637 562 153 86 449 569 26 770 418 447 231 52 482 794 164 632 448 173 642 159 581 194 307 241 736 371 250 290 695 525 539 528 4 105 721 561 764 204 781 288 470 48 223 711 754 127 555 233 730
180
550 45 9 790 391 441 334 747 211 100 41 590 719 437 71 528 556 136 15 601 577 19 776 519 1 245 552 32 602 701 485 477 330 676 786 590 518 689 479 65 65 137 761 714 762 49 337 330 338 613 325 305 603 360 678 491 61 268 130 769 766 475 11 419 402 60 729 343 153 382 80 28 152 45 569 733 265 361 511 353 402 592 92 251 523 244 361 736 110 488 730 644 491 377 161 114 177 750 402 431 199 275 467 0 15 532 712 339 161 584 104 366 223 337 243 35 302 341 516 431 154 525 358 560 174 731 206 344 793 722 294 466 483 148 94 568 123 131 759 49 310 556 552 564 200 338 30 80 430 343 560 775 324 226 148 647 735 86 546 715 312 581 19 83 559 408 141 345 269 1 205 402 296 737 415 766 58 510 227 34
180
323 567 235 195 76 461 356 258 423 15 304 459 122 351 715 541 505 483 511 770 371 726 71 365 228 614 179 416 447 192 738 368 721 356 409 741 590 727 366 372 407 318 527 33 134 286 246 726 122 429 636 506 474 713 502 530 740 299 655 184 542 549 587 780 490 479 673 89 773 744 285 393 786 619 190 319 386 63 402 346 541 127 269 240 746 196 767 713 591 528 579 365 442 571 327 193 621 728 144 338 457 458 145 548 581 367 190 224 241 383 496 739 212 81 289 287 680 434 62 755 666 263 611 77 372 272 434 754 228 721 665 16 396 40 705 293 138 435 150 679 785 574 566 62 515 622 302 583 695 509 707 522 773 690 137 465 683 691 510 636 552 700 402 471 673 686 247 705 330 724 19 642 31 188 578 501 151 306 236 692
190
535 531 147 705 448 421 467 698 249 695 79 436 158 733 247 281 693 617 178 488 152 156 71 294 116 603 419 267 750 712 346 602 68 32 552 421 548 292 39 370 469 171 195 776 537 714 617 45 787 679 231 772 727 682 102 242 103 220 704 794 464 47 412 726 87 372 18 411 59 165 12 301 469 35 234 705 505 359 655 789 611 342 64 309 501 74 237 717 779 66 371 342 370 339 539 303 712 733 564 640 89 527 271 136 299 627 296 93 202 12 627 764 747 103 59 279 45 732 124 778 656 594 684 396 473 244 354 595 585 524 136 301 673 88 229 743 132 111 408 440 292 640 325 245 300 682 524 285 458 80 536 705 771 81 433 66 499 644 614 90 76 178 603 210 769 585 420 216 270 76 522 67 367 637 667 733 102 626 92 756 160 168 172 405 687 229 731 88 702 642
190
798 102 477 354 561 406 663 381 105 276 336 738 513 522 543 619 494 153 308 304 521 545 497 468 453 211 91 565 216 420 260 769 710 768 8 334 130 158 363 61 470 667 81 136 184 178 658 231 573 56 400 314 291 132 142 280 730 78 395 41 654 248 475 581 479 252 212 429 155 356 403 36 626 757 179 535 60 631 280 538 396 18 783 676 213 20 692 329 674 390 737 235 532 381 776 258 560 342 358 370 606 316 242 545 9 341 631 424 593 304 298 35 580 39 389 36 217 738 267 362 285 352 379 548 664 56 315 605 133 50 638 116 578 180 665 47 779 439 760 118 560 45 528 239 468 545 674 465 162 439 716 755 685 397 309 608 190 132 370 651 302 416 572 651 692 113 581 30 621 95 18 157 261 726 510 93 526 786 18 258 631 502 408 106 123 581 38 267 573 693
190
345 54 97 501 604 783 692 307 224 205 748 378 378 505 723 45 309 764 746 438 128 337 530 731 642 39 372 586 4 402 2 250 167 692 472 595 501 346 248 179 354 108 294 383 740 552 498 524 517 46 645 401 436 248 293 155 38 403 331 520 769 515 591 537 289 272 306 610 157 197 557 768 654 702 320 428 129 713 461 710 648 356 65 402 496 561 277 227 143 72 21 113 620 333 379 116 89 323 404 84 391 621 337 742 533 372 612 459 96 27 614 777 743 736 774 590 790 472 765 26 630 146 592 323 370 609 530 769 270 600 296 580 547 525 634 392 726 530 481 44 714 158 85 121 567 56 62 742 324 203 364 256 94 748 318 132 157 719 532 309 460 685 636 87 92 643 19 34 92 13 362 778 584 598 322 564 411 207 348 257 630 198 7 45 58 227 195 546 242 266
190
600 569 12 781 3 218 222 334 185 9 415 682 217 680 31 259 305 756 290 507 373 562 162 330 552 148 168 758 748 597 212 677 72 209 404 120 502 610 653 781 354 684 5 224 330 595 304 683 532 167 745 99 4 307 703 694 381 542 596 339 425 543 581 404 612 315 439 157 563 526 430 191 470 49 95 150 513 191 377 432 632 695 441 351 234 167 158 10 202 432 438 794 398 264 385 524 609 396 244 572 540 456 321 200 404 120 44 197 102 364 152 698 155 263 169 55 778 444 558 425 648 646 116 573 567 68 386 739 777 788 472 70 312 511 419 264 750 540 538 726 356 32 452 495 178 18 443 230 79 262 60 310 675 438 577 349 353 687 672 177 155 250 703 382 85 430 144 68 430 174 384 323 462 140 628 662 102 333 705 117 105 773 144 660 767 687 92 621 307 77
190
656 590 107 767 237 663 387 377 639 320 687 314 518 602 732 458 154 665 53 5 120 386 747 352 17 297 532 696 659 114 501 620 674 754 321 350 504 693 472 138 772 353 292 675 798 597 199 379 230 192 84 257 777 728 621 200 609 665 301 594 798 577 532 324 389 473 411 233 257 77 722 728 338 525 340 199 8 770 626 523 581 758 169 735 494 662 271 341 577 238 333 535 358 383 325 19 389 572 717 75 372 646 239 384 53 621 251 252 659 608 97 334 256 103 211 314 9 330 563 427 301 109 10 698 508 131 128 163 584 505 702 363 654 55 54 169 763 648 171 625 183 223 224 482 31 193 36 289 589 500 289 534 289 0 240 486 546 246 513 38 214 748 554 7 630 584 720 772 236 40 169 335 540 351 542 460 6 15 195 384 24 164 166 361 370 657 256 128 294 177
190
780 150 239 403 389 340 352 338 718 105 364 55 241 22 215 753 113 189 404 385 365 345 629 541 436 35 500 651 14 678 97 797 550 632 148 398 244 323 400 448 452 507 767 577 307 354 616 216 721 12 776 743 146 746 445 273 66 106 762 377 198 14 29 406 574 440 353 286 84 541 276 270 651 741 389 113 211 420 478 552 478 700 797 754 667 584 437 229 749 750 561 458 615 40 686 327 323 555 590 642 597 4 7 582 771 795 697 598 525 138 660 196 219 245 267 306 576 481 496 300 500 166 227 137 198 285 789 111 396 785 723 669 798 147 147 391 589 281 86 190 142 249 145 611 305 268 710 315 52 285 237 205 62 182 218 487 205 302 384 729 117 562 738 594 425 30 174 127 212 39 274 472 284 718 44 684 622 413 576 320 796 668 601 286 502 647 314 404 218 471
190
45 583 733 543 748 70 742 338 91 46 68 530 704 53 494 737 390 725 581 749 40 86 433 728 652 711 13 237 421 607 544 394 66 295 618 208 191 573 538 180 425 226 112 244 145 166 245 322 143 71 716 171 201 402 516 387 782 673 310 453 570 444 617 502 471 315 70 266 228 606 126 292 629 574 623 493 691 669 529 315 386 283 290 398 685 684 120 392 305 790 236 19 117 284 594 446 205 117 512 248 547 496 546 634 682 21 606 615 560 46 669 781 329 349 488 374 442 570 647 717 663 705 558 488 144 725 557 707 341 600 492 111 160 795 362 391 286 520 190 373 496 205 708 212 507 680 420 269 146 726 224 558 620 684 768 634 256 186 515 188 75 88 485 236 604 680 462 372 469 653 630 757 567 80 617 324 377 711 322 676 596 441 101 738 268 22 683 457 184 514
190
399 217 728 729 487 631 342 354 60 613 385 425 306 777 167 429 291 459 725 506 756 216 318 29 655 504 221 235 446 385 585 579 68 548 148 498 23 127 361 243 696 373 510 465 321 674 415 635 351 782 460 750 206 332 362 32 588 730 20 267 522 466 640 278 104 160 706 394 540 381 173 199 632 538 249 430 506 309 153 307 540 684 615 354 683 495 302 412 125 711 530 485 104 377 454 532 215 457 499 441 612 275 216 300 459 417 329 600 214 771 750 78 530 382 351 456 524 597 639 560 219 572 742 283 308 218 258 85 32 467 548 489 737 716 252 48 689 146 402 280 726 373 501 7 715 118 150 417 789 160 396 90 145 459 172 477 178 515 410 310 715 44 0 210 138 635 168 771 161 684 648 199 446 253 224 376 616 156 223 223 463 726 324 442 705 544 459 111 680 619
190
589 402 145 667 128 704 763 190 777 19 40 616 168 114 503 374 61 96 477 790 504 486 458 265 498 81 225 226 569 452 706 305 602 582 131 639 326 495 86 763 616 371 615 153 190 405 751 324 282 697 470 733 651 42 409 372 317 96 157 527 793 194 272 573 380 495 4 690 518 332 706 159 747 628 498 329 69 477 571 117 481 741 688 329 49 754 277 666 106 202 277 93 345 253 522 449 779 14 622 773 349 789 744 612 757 618 630 604 481 360 467 190 375 608 352 743 207 307 347 392 316 339 287 798 567 573 521 184 379 33 369 66 792 665 249 777 359 392 273 464 229 709 468 606 609 109 208 766 759 212 431 18 720 671 612 539 124 122 462 454 288 73 751 173 144 185 396 537 190 229 218 217 242 405 129 254 350 76 125 15 265 208 665 438 418 788 4 439 606 92
190
62 758 136 681 1 324 425 196 281 199 212 630 377 200 372 554 129 46 494 768 698 531 208 654 708 574 236 504 339 45 129 701 163 223 479 228 277 571 183 574 128 494 513 722 589 772 197 484 672 522 457 268 48 379 198 138 546 567 324 659 220 529 532 392 332 0 398 509 462 193 89 217 486 179 505 657 619 717 621 152 689 243 583 85 219 52 369 271 492 189 155 719 571 689 183 633 461 62 700 344 163 95 540 249 627 36 526 13 155 447 671 139 234 597 542 351 782 65 581 89 379 433 130 372 645 147 370 316 766 13 714 381 512 405 57 19 151 472 237 191 412 396 699 48 486 199 127 626 432 160 416 55 369 319 774 333 419 152 510 559 190 676 698 690 168 476 88 302 579 718 226 420 127 224 785 110 549 486 56 693 189 102 785 454 148 91 336 741 592 374
200
542 705 401 102 233 767 112 488 203 96 561 433 405 150 365 415 731 382 654 121 372 560 198 484 722 599 526 418 391 363 192 512 133 721 189 768 624 332 454 643 501 625 669 496 12 660 515 681 64 742 554 592 445 460 530 321 585 425 239 794 240 586 570 289 272 402 271 773 102 132 424 372 2 538 202 616 8 250 690 755 438 97 330 613 568 53 378 254 460 494 748 340 106 626 603 251 76 163 91 243 225 338 781 727 652 710 383 123 681 649 130 398 31 376 385 121 360 20 464 150 154 393 638 199 340 722 691 171 784 248 214 529 271 545 607 386 125 239 361 376 44 609 398 195 746 134 650 279 363 472 633 700 4 334 421 341 616 540 361 647 162 726 733 207 449 575 511 455 615 450 408 755 234 707 584 755 210 153 578 276 447 141 655 220 66 352 132 359 735 768 665 700 500 688 465 677 288 472 224 461
200
46 91 323 268 313 144 500 314 576 238 749 525 606 385 224 251 127 309 132 274 621 721 179 180 615 652 152 564 245 509 204 759 63 136 229 746 268 748 687 332 523 17 468 263 156 388 561 759 494 692 306 530 323 739 604 557 645 161 60 519 100 381 34 127 439 585 574 447 212 572 7 693 54 548 164 754 144 359 411 137 402 213 65 395 17 587 367 130 457 183 783 18 561 9 22 568 670 462 532 451 381 292 450 508 495 310 591 486 135 730 44 799 411 608 746 365 3 255 218 420 441 711 35 562 58 338 400 112 778 215 401 666 339 10 729 511 501 8 430 772 626 561 456 388 4 237 8 559 705 756 35 576 713 762 661 75 346 141 525 11 509 118 3 624 573 54 284 663 49 173 284 151 633 734 166 568 791 489 638 721 273 130 419 570 313 780 227 109 108 12 481 746 135 271 288 282 94 175 78 148
200
442 360 284 784 101 758 20 633 106 175 146 219 182 643 296 399 406 231 624 238 549 772 275 419 453 598 128 21 441 352 200 576 308 750 83 461 697 366 787 697 608 330 368 450 432 784 117 85 283 10 70 465 600 268 639 359 385 47 322 648 75 786 665 383 400 546 461 593 217 318 763 102 681 217 265 32 347 67 259 477 560 33 306 414 117 570 632 321 176 593 393 195 783 304 610 428 396 381 123 621 577 795 567 614 34 521 723 409 177 633 223 47 776 43 200 135 681 775 35 82 600 35 190 319 479 358 700 797 498 708 498 406 622 607 746 25 502 156 551 250 298 45 236 492 197 408 544 106 799 202 157 246 552 796 684 702 399 225 723 798 636 209 140 236 121 387 169 150 443 256 487 251 408 94 448 334 213 521 55 425 702 799 630 643 254 326 776 651 306 209 394 568 461 589 329 25 566 193 31 431
200
343 184 790 730 333 393 137 521 341 400 174 18 744 735 211 325 453 698 487 696 87 35 151 266 151 177 270 111 376 309 652 335 409 726 447 32 23 784 104 426 620 687 269 637 608 8 784 772 20 613 167 196 554 456 358 77 410 330 292 457 496 443 678 151 577 94 367 126 352 530 274 246 16 250 32 457 100 437 155 287 753 193 488 533 245 49 505 211 66 627 250 650 392 528 279 197 505 324 188 206 720 721 500 203 419 182 279 478 751 69 58 399 173 188 49 312 222 17 4 103 70 474 322 705 460 724 349 13 378 77 670 692 652 272 558 545 245 601 553 526 216 374 550 262 326 372 172 165 72 185 596 13 303 701 214 259 418 613 109 767 105 241 498 28 598 722 149 744 34 649 720 51 276 648 14 654 585 343 107 351 307 608 743 226 365 363 755 175 108 3 304 448 119 727 283 283 332 636 499 298
200
52 95 174 530 439 413 758 779 45 327 226 750 765 761 434 252 385 740 700 141 301 529 3 274 581 470 161 752 555 403 360 330 288 131 229 662 334 214 213 665 729 371 428 69 609 347 384 426 217 538 727 271 288 48 603 685 574 634 592 354 491 639 8 386 459 174 130 373 518 23 538 368 384 351 136 640 725 93 431 307 237 688 242 302 289 644 224 548 508 604 763 33 290 583 445 39 5 268 242 15 73 34 615 764 480 764 698 420 525 151 339 282 550 344 574 398 648 626 109 354 516 391 184 360 227 499 197 487 491 281 457 362 603 669 52 359 615 335 587 190 348 98 597 759 182 86 178 346 233 126 631 620 459 633 291 727 701 78 115 552 8 704 194 215 640 174 781 80 111 13 202 359 655 537 20 574 287 320 232 360 436 303 482 285 719 191 445 154 637 34 176 682 371 257 792 399 440 219 660 81
200
413 572 266 157 433 694 545 186 143 477 642 278 378 141 685 717 607 151 331 487 686 506 281 548 721 681 721 566 385 302 672 542 295 212 227 41 396 22 36 81 353 611 37 362 102 448 583 107 756 626 760 793 22 259 256 649 722 345 371 791 180 141 125 65 651 155 658 93 580 598 283 769 444 602 571 502 576 657 248 671 725 750 468 568 344 683 653 708 566 641 459 774 456 485 650 480 505 651 58 20 347 724 599 384 469 157 724 210 493 427 473 650 600 287 115 530 278 193 349 470 168 386 428 641 369 702 606 440 202 175 449 754 785 527 224 287 208 405 101 223 273 441 380 710 188 422 688 225 174 627 543 509 768 625 45 142 1 390 674 223 615 224 181 452 707 359 720 262 761 701 231 107 458 7 613 743 624 567 297 421 505 52 764 623 132 624 201 254 357 168 664 135 740 524 326 95 649 798 378 120
200
558 226 568 647 118 260 142 665 368 759 578 712 273 756 462 634 550 277 513 776 168 84 307 502 99 623 683 290 473 246 610 495 151 385 91 658 45 157 263 417 3 58 291 319 202 454 613 388 37 100 125 335 692 408 61 80 338 695 574 469 168 529 356 448 618 9 507 177 359 481 596 765 639 553 123 485 341 285 520 560 335 438 101 380 107 35 309 47 429 739 448 490 645 500 80 662 362 152 643 468 503 641 685 101 710 153 283 480 65 15 208 245 508 657 235 388 722 487 558 5 669 580 279 633 542 37 170 250 711 96 454 18 46 271 2 40 775 596 508 798 475 434 428 168 146 751 644 260 166 310 240 385 280 666 364 6 221 40 140 744 319 544 220 141 280 29 340 624 318 243 59 759 395 154 258 274 167 536 169 319 196 674 314 40 608 471 527 540 169 38 230 505 762 428 546 176 226 799 221 319
200
149 481 121 106 374 417 298 537 408 457 378 518 292 575 63 249 324 94 116 592 199 582 602 319 144 102 761 684 625 488 489 17 1 121 606 609 289 287 275 154 437 780 762 432 62 35 293 715 227 260 404 545 248 50 547 195 292 548 519 253 748 430 314 633 134 200 147 463 137 654 640 747 344 799 338 62 36 99 137 366 36 717 590 405 378 244 77 168 361 170 599 299 786 583 392 709 531 779 108 687 45 232 170 765 744 432 49 632 69 438 253 558 799 240 197 603 776 791 731 298 27 398 507 257 260 332 542 411 103 144 572 324 262 361 766 278 377 220 362 594 144 148 424 268 88 627 672 397 155 743 775 669 293 88 72 791 412 83 510 730 683 408 352 445 363 205 254 186 109 532 468 423 365 150 357 100 799 302 590 269 553 177 795 593 288 320 248 590 211 472 766 282 631 307 182 144 48 754 385 610
200
530 761 684 220 165 789 484 683 755 715 448 325 130 196 507 204 465 400 715 366 350 755 105 109 430 3 324 540 741 24 437 97 356 124 53 510 699 238 365 270 700 739 270 297 376 526 349 462 200 257 678 458 49 417 447 477 290 281 563 777 792 253 410 421 427 64 341 644 48 90 280 341 308 674 403 342 502 319 684 751 198 447 465 29 250 766 437 76 146 153 210 425 276 706 231 179 509 249 441 398 419 569 437 799 575 643 722 241 645 554 203 483 86 551 731 266 423 136 245 24 455 56 500 279 194 72 551 393 91 172 369 772 141 518 170 772 623 596 625 203 267 32 718 691 17 772 56 382 160 283 767 662 603 252 595 756 68 468 346 510 791 750 467 791 73 610 336 215 98 306 634 58 557 180 769 36 670 343 544 17 781 793 423 754 498 27 781 303 351 231 118 4 747 327 603 707 393 141 118 706
200
772 173 798 63 426 250 419 402 46 718 626 33 528 674 757 694 575 92 67 188 16 327 294 771 225 269 168 394 610 230 222 648 142 421 690 101 511 519 458 501 674 776 654 118 171 758 40 97 193 184 189 505 562 346 424 734 16 171 479 155 353 624 482 71 229 298 208 477 776 690 799 665 7 25 509 384 603 505 467 204 36 665 10 173 416 101 785 241 635 249 779 713 178 494 656 629 380 479 377 325 506 690 481 457 23 193 396 571 442 397 157 682 513 121 313 138 526 433 778 463 723 546 634 19 767 36 425 799 467 663 143 0 715 671 67 260 24 436 43 42 33 344 357 421 159 163 610 169 368 7 530 199 245 130 737 450 526 470 198 686 87 373 380 284 140 209 48 484 639 535 305 183 643 477 637 738 432 629 737 459 342 111 93 671 491 295 504 6 386 43 307 419 160 559 686 785 43 708 36 765